450
1 23 22 78
2 60 44 89
3 14 4 79
4 45 44 45
5 63 36 66
6 66 14 54
7 28 18 11
8 47 67 35
9 82 18 64
10 11 48 87
11 13 71 9
12 91 84 6
13 33 50 10
14 12 95 54
15 58 10 42
16 76 76 8
17 30 4 26
18 93 3 93
19 28 85 64
20 45 49 12
21 84 62 35
22 94 6 19
23 52 91 69
24 62 3 16
25 68 13 26
26 62 41 54
27 70 71 58
28 96 64 61
29 42 45 99
30 6 42 0
31 70 26 62
32 5 72 20
33 77 24 11
34 46 38 15
35 63 6 80
36 41 68 22
37 96 90 45
38 6 87 62
39 20 81 59
40 19 87 1
41 19 57 27
42 33 14 0
43 54 91 76
44 17 90 15
45 84 5 21
46 65 46 42
47 39 42 32
48 84 1 71
49 98 21 52
50 57 92 91
51 58 63 0
52 38 96 15
53 38 2 6
54 14 20 96
55 81 56 1
56 55 21 0
57 49 60 94
58 33 97 95
59 5 95 68
60 9 53 60
61 53 63 23
62 53 1 72
63 68 91 26
64 27 58 98
65 23 39 55
66 77 94 28
67 77 43 89
68 71 77 38
69 67 34 33
70 35 95 38
71 48 48 2
72 23 2 55
73 95 22 47
74 74 49 5
75 72 73 96
76 79 2 91
77 8 79 86
78 49 50 15
79 87 69 1
80 72 57 97
81 63 5 97
82 17 28 99
83 72 76 74
84 71 50 23
85 76 74 48
86 73 54 2
87 16 62 81
88 54 11 84
89 70 50 53
90 23 22 62
91 20 37 67
92 18 54 48
93 69 27 76
94 95 98 26
95 19 27 0
96 19 52 6
97 22 20 68
98 55 74 31
99 39 96 81
100 45 20 56
101 7 92 93
102 27 10 48
103 75 32 27
104 51 27 77
105 29 98 4
106 81 70 56
107 88 92 28
108 8 99 3
109 40 39 51
110 73 84 23
111 29 91 16
112 75 70 78
113 23 97 10
114 2 0 90
115 79 29 88
116 84 63 10
117 92 3 2
118 21 11 2
119 76 3 93
120 79 29 77
121 3 10 20
122 19 85 43
123 49 60 40
124 12 62 41
125 2 42 70
126 42 78 85
127 53 22 88
128 7 43 52
129 61 71 7
130 54 51 36
131 83 6 47
132 56 77 84
133 99 26 45
134 39 38 7
135 80 92 1
136 3 87 79
137 40 92 2
138 29 99 97
139 33 13 21
140 40 19 24
141 29 55 30
142 76 11 7
143 12 62 33
144 57 53 24
145 17 86 16
146 18 41 55
147 50 81 47
148 4 62 99
149 53 95 12
150 26 36 83
151 50 17 38
152 80 45 1
153 87 57 63
154 73 15 17
155 97 84 55
156 65 54 96
157 73 4 77
158 20 60 40
159 19 66 35
160 83 92 23
161 67 43 40
162 57 75 85
163 59 15 95
164 22 88 10
165 91 37 94
166 46 54 0
167 42 27 5
168 72 0 17
169 12 71 35
170 99 55 28
171 75 74 23
172 15 83 98
173 53 42 65
174 48 17 53
175 10 60 42
176 56 59 97
177 56 1 76
178 13 25 76
179 83 89 48
180 18 89 55
181 98 64 29
182 73 31 12
183 72 36 7
184 89 36 24
185 43 98 84
186 85 54 43
187 34 63 97
188 11 28 74
189 87 11 64
190 87 82 5
191 42 80 21
192 23 54 52
193 88 78 41
194 95 67 77
195 71 62 76
196 7 0 82
197 3 34 97
198 52 97 26
199 26 37 37
200 42 24 19
201 47 19 52
202 68 42 58
203 73 30 36
204 14 77 55
205 43 48 18
206 19 56 70
207 54 11 56
208 51 63 54
209 77 41 43
210 67 84 67
211 38 31 38
212 90 0 81
213 48 25 11
214 36 39 89
215 92 82 89
216 62 54 97
217 32 60 8
218 88 11 71
219 42 41 13
220 37 8 97
221 57 46 80
222 95 37 32
223 76 37 57
224 40 74 96
225 81 18 31
226 70 80 37
227 20 12 97
228 28 0 8
229 0 95 1
230 65 32 9
231 14 41 8
232 94 37 97
233 27 13 34
234 84 5 60
235 33 38 78
236 16 9 58
237 53 29 70
238 50 9 23
239 10 9 70
240 12 26 54
241 21 40 96
242 29 35 33
243 26 14 98
244 13 50 56
245 73 35 94
246 52 51 55
247 62 4 36
248 85 6 46
249 60 17 7
250 30 29 34
251 84 2 74
252 80 84 61
253 65 62 75
254 64 75 78
255 72 1 13
256 66 5 65
257 22 67 21
258 58 52 28
259 4 12 45
260 12 94 26
261 98 79 28
262 24 11 12
263 86 29 75
264 13 45 2
265 43 17 3
266 57 83 8
267 74 5 76
268 47 64 80
269 27 20 45
270 24 84 39
271 50 82 70
272 31 59 34
273 43 97 63
274 70 62 8
275 73 6 25
276 28 15 8
277 89 89 66
278 65 88 82
279 97 16 2
280 94 40 39
281 34 91 73
282 4 74 32
283 38 17 29
284 53 40 92
285 61 65 98
286 86 45 13
287 47 34 54
288 65 51 42
289 47 49 58
290 1 43 51
291 40 29 94
292 14 86 68
293 46 24 37
294 76 30 77
295 20 91 94
296 18 30 40
297 83 29 74
298 37 94 26
299 31 41 27
300 42 42 70
301 93 35 0
302 39 49 38
303 7 47 14
304 44 75 44
305 74 95 36
306 68 65 66
307 8 48 47
308 35 37 41
309 61 21 82
310 88 63 76
311 10 8 63
312 62 99 12
313 0 6 60
314 15 50 87
315 59 76 83
316 47 45 48
317 65 5 49
318 12 40 86
319 53 53 7
320 87 93 22
321 16 56 82
322 79 18 81
323 44 71 87
324 56 38 90
325 43 97 66
326 26 97 63
327 27 62 69
328 76 75 61
329 62 80 15
330 22 68 60
331 96 36 16
332 79 15 35
333 12 11 58
334 52 67 96
335 94 11 45
336 12 37 42
337 76 64 57
338 97 92 84
339 58 55 64
340 25 29 84
341 86 25 20
342 2 56 88
343 89 21 99
344 99 25 67
345 95 19 30
346 93 31 19
347 87 7 36
348 44 56 28
349 28 15 83
350 45 92 64
351 29 30 42
352 2 85 50
353 42 74 71
354 41 26 96
355 60 21 67
356 42 14 99
357 62 54 58
358 98 98 15
359 26 79 82
360 62 24 26
361 26 53 57
362 20 7 42
363 71 49 68
364 94 43 94
365 43 55 16
366 10 98 82
367 61 60 36
368 20 58 87
369 87 84 66
370 21 46 90
371 47 25 95
372 4 45 3
373 98 68 52
374 67 63 95
375 61 58 51
376 29 68 1
377 64 82 61
378 52 54 19
379 39 41 55
380 57 14 54
381 47 61 31
382 95 18 76
383 98 16 97
384 2 83 60
385 50 97 70
386 53 26 90
387 54 42 72
388 15 95 26
389 86 86 19
390 93 44 33
391 47 43 95
392 78 90 65
393 7 88 81
394 4 43 17
395 16 45 14
396 86 98 92
397 76 4 87
398 1 71 34
399 27 9 20
400 47 2 16
401 80 2 12
402 27 32 2
403 92 91 43
404 74 47 38
405 43 63 83
406 9 1 33
407 53 30 37
408 40 83 8
409 74 10 69
410 47 57 71
411 15 90 25
412 27 17 58
413 82 62 49
414 77 36 97
415 15 31 12
416 50 40 66
417 83 93 48
418 72 86 31
419 32 12 93
420 1 59 3
421 24 75 93
422 50 54 62
423 8 88 24
424 9 17 12
425 58 32 43
426 23 34 35
427 41 17 81
428 89 41 67
429 72 73 79
430 65 74 39
431 68 99 66
432 13 49 72
433 76 9 13
434 0 70 30
435 13 29 15
436 8 52 49
437 44 93 19
438 25 34 60
439 92 58 34
440 23 75 60
441 62 44 59
442 80 9 60
443 5 85 21
444 18 86 92
445 48 51 21
446 63 59 25
447 65 3 70
448 84 28 56
449 44 72 14
450 30 96 89
