980
1 81 90 88
2 28 89 12
3 62 17 52
4 14 60 68
5 1 88 81
6 87 14 37
7 41 88 42
8 17 71 50
9 51 37 76
10 17 65 39
11 97 46 29
12 86 74 70
13 50 37 40
14 54 3 0
15 22 56 88
16 55 43 54
17 92 84 94
18 35 54 66
19 37 5 3
20 14 22 20
21 53 20 67
22 34 58 93
23 5 60 82
24 97 67 85
25 97 41 41
26 37 97 36
27 44 89 21
28 38 76 27
29 4 66 32
30 59 80 6
31 80 33 78
32 47 19 88
33 40 24 49
34 75 21 68
35 60 70 9
36 54 60 6
37 42 56 48
38 63 94 24
39 42 51 90
40 26 10 22
41 33 42 7
42 63 89 27
43 52 82 3
44 53 57 77
45 21 69 47
46 30 75 59
47 37 18 15
48 85 33 10
49 61 76 13
50 4 2 23
51 26 87 18
52 86 51 59
53 13 3 41
54 16 8 50
55 93 29 72
56 93 11 99
57 52 0 17
58 20 37 3
59 82 99 31
60 95 55 33
61 70 33 21
62 88 19 24
63 48 84 79
64 41 53 87
65 44 46 68
66 16 91 79
67 67 96 80
68 37 16 17
69 40 50 68
70 71 45 23
71 56 15 9
72 29 56 28
73 53 4 65
74 84 45 18
75 23 41 16
76 91 57 8
77 23 25 56
78 55 62 24
79 24 54 74
80 93 77 71
81 68 33 38
82 29 63 94
83 58 68 50
84 23 53 48
85 93 76 89
86 9 20 99
87 69 43 76
88 25 98 90
89 1 22 44
90 75 67 21
91 98 88 54
92 37 17 69
93 31 27 38
94 82 2 43
95 82 95 19
96 71 5 39
97 70 74 34
98 46 52 84
99 36 53 59
100 32 81 78
101 53 79 66
102 60 16 84
103 81 0 63
104 19 34 66
105 62 16 61
106 34 87 18
107 25 10 93
108 12 8 97
109 96 97 50
110 7 29 31
111 86 35 63
112 52 95 79
113 88 28 79
114 52 48 65
115 18 62 81
116 31 48 21
117 50 26 83
118 95 38 91
119 92 86 88
120 94 94 18
121 78 32 53
122 41 84 0
123 20 25 80
124 52 29 28
125 69 47 43
126 51 30 43
127 24 32 69
128 7 27 59
129 98 71 46
130 39 66 92
131 57 44 24
132 62 85 60
133 14 57 85
134 46 61 14
135 27 31 13
136 70 34 96
137 65 58 28
138 87 17 56
139 46 15 27
140 44 6 45
141 88 15 89
142 12 29 26
143 73 95 36
144 10 42 97
145 77 69 80
146 42 39 14
147 38 56 72
148 67 43 89
149 75 42 57
150 54 86 63
151 0 75 31
152 41 39 60
153 20 64 56
154 56 75 98
155 5 4 67
156 86 46 58
157 0 37 14
158 25 4 10
159 66 31 52
160 75 37 90
161 91 89 65
162 22 83 57
163 82 3 21
164 38 11 96
165 36 16 52
166 3 2 99
167 13 55 36
168 28 32 92
169 38 98 75
170 42 74 12
171 32 17 54
172 50 39 37
173 7 21 40
174 28 12 51
175 77 48 19
176 29 4 74
177 28 17 29
178 16 97 61
179 60 35 11
180 35 77 37
181 0 62 54
182 54 12 93
183 91 19 67
184 83 47 79
185 86 76 79
186 5 6 83
187 79 86 53
188 60 3 50
189 73 15 38
190 37 51 67
191 74 51 29
192 29 5 41
193 74 48 60
194 41 31 60
195 20 17 36
196 0 22 42
197 35 54 81
198 40 66 36
199 91 40 51
200 81 29 2
201 48 3 5
202 30 32 62
203 23 59 10
204 84 0 41
205 96 73 10
206 32 73 33
207 27 60 39
208 8 1 5
209 44 44 97
210 47 77 26
211 2 77 82
212 7 7 66
213 22 31 25
214 32 67 26
215 26 63 99
216 36 47 24
217 21 74 36
218 12 34 89
219 70 30 33
220 19 78 62
221 46 80 40
222 80 39 47
223 46 61 30
224 72 46 97
225 50 72 12
226 49 60 60
227 25 34 86
228 61 46 21
229 3 16 51
230 36 36 29
231 99 34 9
232 91 66 49
233 38 12 62
234 21 84 8
235 70 86 80
236 83 87 93
237 95 12 27
238 81 26 25
239 2 29 42
240 6 17 30
241 35 68 16
242 97 59 82
243 98 50 46
244 60 71 83
245 69 93 69
246 1 28 57
247 94 23 21
248 73 57 47
249 99 11 28
250 93 17 98
251 23 5 18
252 91 54 78
253 25 52 80
254 71 64 3
255 54 85 96
256 24 87 25
257 81 33 0
258 2 7 9
259 2 58 21
260 82 51 90
261 32 26 47
262 51 17 1
263 29 42 5
264 61 13 70
265 64 20 55
266 12 44 94
267 37 77 80
268 90 31 87
269 99 85 97
270 72 68 48
271 63 52 74
272 10 3 43
273 64 84 85
274 69 45 50
275 91 61 70
276 99 74 66
277 93 63 43
278 25 53 75
279 12 5 12
280 61 29 80
281 9 92 85
282 83 55 88
283 26 19 73
284 63 40 70
285 66 32 32
286 88 31 6
287 55 76 69
288 50 2 75
289 77 66 32
290 90 28 61
291 22 37 6
292 7 73 61
293 96 51 32
294 21 67 72
295 91 33 56
296 75 21 87
297 81 28 16
298 3 79 18
299 30 56 84
300 62 46 64
301 75 69 54
302 81 76 27
303 42 24 30
304 26 45 97
305 51 89 30
306 7 64 4
307 47 98 32
308 63 53 11
309 33 35 20
310 69 49 66
311 34 24 87
312 88 6 16
313 67 0 92
314 97 27 90
315 95 30 79
316 77 89 95
317 81 36 45
318 14 51 50
319 77 84 85
320 97 6 34
321 16 40 11
322 55 80 17
323 23 99 17
324 16 96 96
325 6 43 78
326 37 21 68
327 84 54 56
328 82 68 60
329 32 98 96
330 70 95 2
331 56 63 94
332 67 19 74
333 84 42 25
334 54 58 22
335 2 16 17
336 81 53 90
337 1 90 45
338 57 72 65
339 17 56 63
340 14 26 11
341 16 35 74
342 63 2 93
343 37 39 36
344 63 45 46
345 37 47 15
346 6 80 20
347 97 81 10
348 94 91 82
349 59 8 39
350 75 74 17
351 86 43 52
352 60 6 7
353 6 95 46
354 94 10 43
355 92 99 90
356 7 58 23
357 28 55 4
358 38 1 95
359 73 12 56
360 64 87 82
361 81 73 77
362 86 86 83
363 45 92 31
364 43 38 93
365 86 30 93
366 28 38 3
367 51 66 58
368 56 4 11
369 3 29 23
370 11 93 11
371 94 27 36
372 71 65 74
373 7 10 66
374 90 53 4
375 83 39 35
376 28 19 25
377 31 71 91
378 41 27 47
379 52 82 77
380 28 94 70
381 91 88 97
382 27 11 62
383 2 70 24
384 20 60 77
385 77 96 68
386 64 24 88
387 89 8 11
388 80 49 38
389 27 54 72
390 4 34 66
391 27 25 6
392 76 52 70
393 39 6 40
394 15 79 1
395 93 56 97
396 13 72 73
397 53 61 81
398 64 93 83
399 54 72 89
400 27 77 23
401 45 56 48
402 4 32 52
403 74 23 11
404 14 39 90
405 67 84 98
406 16 49 22
407 42 3 83
408 75 19 28
409 58 74 0
410 99 53 29
411 22 98 85
412 22 2 18
413 27 76 93
414 38 43 32
415 80 62 68
416 30 31 18
417 52 73 21
418 35 0 92
419 63 59 66
420 63 10 19
421 93 33 18
422 30 7 72
423 0 34 1
424 94 72 44
425 26 52 58
426 47 82 41
427 65 86 14
428 38 21 67
429 30 36 26
430 49 52 36
431 68 97 21
432 38 27 29
433 11 28 63
434 12 74 88
435 8 52 92
436 18 99 27
437 60 64 13
438 26 54 87
439 93 85 23
440 71 34 27
441 8 54 76
442 81 93 56
443 62 56 36
444 78 20 10
445 66 28 62
446 58 98 62
447 85 58 78
448 51 85 33
449 38 78 70
450 61 50 56
451 41 10 10
452 17 43 55
453 73 6 11
454 9 84 31
455 71 50 11
456 34 60 10
457 48 98 68
458 26 49 5
459 59 87 36
460 81 0 86
461 37 93 48
462 0 11 91
463 55 36 97
464 67 98 33
465 50 69 35
466 14 55 48
467 76 3 46
468 96 30 47
469 2 41 86
470 38 23 86
471 76 12 32
472 24 12 95
473 67 68 31
474 17 87 81
475 50 89 51
476 38 3 6
477 86 79 10
478 32 76 92
479 31 30 33
480 17 68 8
481 55 44 21
482 87 20 33
483 82 87 53
484 14 4 40
485 47 55 30
486 98 93 85
487 57 31 17
488 19 15 93
489 11 46 75
490 44 63 43
491 53 18 39
492 26 58 59
493 59 40 98
494 13 6 3
495 5 54 10
496 87 4 55
497 73 61 86
498 90 80 1
499 35 43 47
500 10 40 62
501 5 45 32
502 44 71 90
503 55 82 83
504 53 47 41
505 56 53 95
506 18 40 52
507 73 65 65
508 59 7 46
509 60 42 41
510 59 4 81
511 21 9 26
512 6 5 97
513 48 12 32
514 31 66 79
515 73 74 32
516 20 93 25
517 72 18 42
518 38 78 50
519 36 90 92
520 77 50 49
521 11 23 58
522 37 29 16
523 87 30 28
524 19 61 46
525 50 86 73
526 35 7 18
527 60 31 36
528 54 21 14
529 4 57 5
530 49 87 7
531 98 98 30
532 8 87 12
533 24 74 42
534 5 45 55
535 3 96 94
536 76 83 53
537 94 95 84
538 83 49 6
539 97 54 15
540 54 3 2
541 61 1 52
542 44 61 40
543 8 86 66
544 2 43 64
545 57 46 12
546 3 23 95
547 56 69 90
548 41 52 39
549 99 2 93
550 14 56 48
551 69 70 49
552 21 66 63
553 13 74 49
554 80 76 44
555 44 85 90
556 56 89 13
557 3 97 35
558 93 90 87
559 32 89 41
560 78 56 50
561 26 25 72
562 28 46 38
563 91 12 64
564 92 92 92
565 36 88 29
566 26 96 70
567 92 99 68
568 79 92 58
569 18 76 48
570 60 54 56
571 10 33 81
572 82 13 79
573 72 4 91
574 36 48 35
575 28 84 23
576 57 62 19
577 28 54 70
578 48 85 62
579 6 4 91
580 6 64 97
581 62 74 30
582 43 8 43
583 75 80 99
584 66 68 47
585 2 48 83
586 77 5 46
587 97 85 52
588 19 85 38
589 82 92 42
590 25 98 6
591 22 13 32
592 5 56 40
593 0 83 72
594 52 50 40
595 99 4 88
596 83 33 45
597 29 82 83
598 33 2 68
599 71 36 12
600 13 61 63
601 19 35 76
602 3 92 84
603 95 93 68
604 67 45 70
605 59 96 26
606 99 79 59
607 97 60 42
608 32 94 44
609 0 17 80
610 65 31 93
611 28 2 28
612 4 6 21
613 88 1 66
614 8 21 11
615 78 32 7
616 4 84 39
617 64 81 51
618 6 13 97
619 2 65 15
620 82 82 98
621 75 10 0
622 55 66 58
623 76 7 12
624 42 15 85
625 5 94 17
626 65 50 1
627 56 14 34
628 7 72 99
629 57 26 17
630 24 8 99
631 22 35 10
632 74 43 28
633 33 19 35
634 45 14 51
635 30 19 97
636 99 36 47
637 53 92 14
638 87 52 38
639 39 61 65
640 56 85 25
641 55 59 13
642 17 33 56
643 46 66 27
644 33 63 41
645 36 45 13
646 33 45 49
647 33 98 94
648 99 37 46
649 37 76 59
650 54 84 44
651 80 40 3
652 45 9 88
653 1 7 7
654 28 41 70
655 22 77 16
656 87 63 61
657 88 96 11
658 82 95 48
659 80 84 77
660 39 39 61
661 83 71 53
662 38 16 15
663 79 69 22
664 86 97 15
665 56 71 93
666 24 58 8
667 37 47 4
668 48 81 51
669 49 62 87
670 78 53 26
671 39 89 49
672 45 27 17
673 60 6 86
674 82 44 36
675 98 53 7
676 43 77 18
677 51 15 17
678 7 15 98
679 10 16 12
680 97 94 66
681 76 86 55
682 25 31 34
683 43 91 93
684 29 25 37
685 65 23 90
686 25 18 68
687 43 69 35
688 60 28 2
689 10 38 71
690 23 36 65
691 89 12 51
692 96 89 34
693 30 32 77
694 23 14 3
695 61 31 78
696 3 8 97
697 23 51 18
698 10 63 47
699 13 26 37
700 84 49 73
701 1 90 37
702 5 38 79
703 91 68 11
704 69 92 77
705 72 5 61
706 50 8 69
707 99 32 73
708 18 94 88
709 17 7 14
710 54 43 15
711 80 97 57
712 69 54 95
713 48 45 64
714 12 14 8
715 89 38 65
716 2 41 73
717 72 40 57
718 45 10 4
719 85 79 11
720 0 86 7
721 67 66 56
722 25 35 10
723 20 84 7
724 36 48 74
725 44 37 12
726 9 92 53
727 35 64 46
728 44 61 56
729 48 46 88
730 12 98 74
731 71 66 40
732 79 91 27
733 89 63 63
734 48 0 11
735 22 96 1
736 35 58 93
737 40 45 9
738 86 89 70
739 43 90 68
740 31 54 67
741 57 77 33
742 97 56 24
743 76 97 39
744 40 45 39
745 3 20 36
746 4 55 94
747 49 95 39
748 58 34 80
749 80 29 22
750 49 12 28
751 68 69 5
752 1 66 61
753 77 94 10
754 16 86 8
755 8 90 28
756 44 46 35
757 90 96 82
758 81 6 16
759 61 39 45
760 36 40 57
761 64 8 26
762 70 61 44
763 83 90 39
764 46 6 25
765 54 66 67
766 34 10 14
767 69 52 62
768 51 33 68
769 68 47 59
770 13 35 99
771 23 99 7
772 49 21 68
773 46 57 58
774 85 3 17
775 62 9 35
776 82 43 98
777 96 12 50
778 10 15 36
779 30 83 83
780 90 49 18
781 89 72 69
782 97 21 91
783 17 67 0
784 28 4 3
785 97 19 64
786 32 1 59
787 30 49 23
788 81 59 38
789 17 89 74
790 52 79 23
791 22 69 95
792 91 18 68
793 34 35 88
794 34 63 44
795 89 12 63
796 5 45 16
797 64 75 65
798 87 8 24
799 78 77 14
800 52 29 45
801 75 3 14
802 22 95 32
803 42 81 20
804 82 68 35
805 27 9 48
806 42 15 93
807 11 79 20
808 76 19 29
809 53 97 6
810 19 49 88
811 64 76 91
812 31 50 38
813 15 44 20
814 35 27 40
815 23 6 49
816 71 0 64
817 16 11 96
818 36 40 15
819 65 45 64
820 24 64 65
821 12 80 41
822 3 11 43
823 42 27 87
824 14 14 14
825 54 37 72
826 55 60 73
827 20 76 36
828 68 65 76
829 35 30 73
830 99 6 37
831 16 18 18
832 9 74 81
833 52 16 60
834 39 82 27
835 6 88 64
836 78 43 77
837 3 15 53
838 40 35 18
839 68 70 1
840 42 21 7
841 31 37 78
842 1 98 52
843 83 50 20
844 95 42 2
845 22 48 42
846 39 78 37
847 16 34 5
848 69 26 40
849 40 94 63
850 93 88 36
851 0 72 26
852 78 73 24
853 82 8 75
854 2 4 17
855 4 78 17
856 98 17 47
857 36 33 33
858 41 55 59
859 33 47 6
860 96 40 94
861 33 92 18
862 59 23 92
863 83 5 0
864 10 8 56
865 79 64 35
866 48 63 4
867 48 99 90
868 81 92 45
869 41 25 44
870 99 74 84
871 45 59 76
872 64 70 99
873 56 5 5
874 8 16 65
875 17 47 29
876 4 96 92
877 8 96 43
878 50 77 35
879 95 70 13
880 39 69 39
881 75 15 50
882 52 31 20
883 3 87 25
884 60 47 93
885 25 64 41
886 55 20 89
887 47 81 37
888 91 31 14
889 78 79 37
890 43 18 58
891 82 46 25
892 32 98 56
893 4 53 95
894 30 14 43
895 75 39 59
896 68 94 80
897 9 94 13
898 46 37 44
899 13 15 23
900 50 11 94
901 60 45 40
902 86 30 90
903 42 34 43
904 90 16 57
905 33 92 97
906 44 12 43
907 76 22 37
908 89 68 26
909 86 33 94
910 9 35 5
911 3 96 50
912 43 34 32
913 85 28 67
914 29 18 35
915 86 3 79
916 35 48 92
917 31 76 66
918 20 18 86
919 47 4 20
920 41 13 55
921 46 69 3
922 48 64 37
923 81 50 66
924 0 79 84
925 35 17 88
926 15 5 88
927 59 36 16
928 25 8 34
929 11 55 38
930 31 48 4
931 39 46 73
932 42 95 37
933 32 28 87
934 98 28 66
935 34 15 84
936 74 82 41
937 14 41 77
938 31 18 85
939 65 82 93
940 4 65 41
941 8 4 40
942 33 99 87
943 70 83 15
944 58 81 95
945 76 67 62
946 60 94 45
947 53 8 38
948 30 39 9
949 68 5 91
950 13 61 56
951 6 21 61
952 46 54 12
953 33 24 95
954 0 34 28
955 95 11 47
956 58 23 41
957 55 77 50
958 45 59 89
959 54 27 46
960 45 92 7
961 54 99 80
962 67 97 34
963 79 31 11
964 26 31 97
965 54 79 8
966 1 37 32
967 43 44 61
968 93 89 20
969 34 96 0
970 81 93 92
971 40 47 43
972 21 14 41
973 7 45 72
974 70 71 55
975 68 77 34
976 76 31 23
977 60 26 67
978 73 71 9
979 94 5 57
980 94 38 50
