786
1 80 52 18
2 39 29 8
3 50 5 74
4 86 42 96
5 99 68 17
6 1 91 79
7 39 78 70
8 97 27 70
9 58 70 46
10 65 89 35
11 51 70 88
12 21 61 69
13 29 11 75
14 55 97 17
15 51 49 37
16 21 2 80
17 0 42 59
18 22 91 86
19 93 49 8
20 91 14 50
21 79 17 20
22 67 38 33
23 36 19 44
24 63 74 94
25 33 78 95
26 22 99 97
27 3 51 39
28 62 73 83
29 0 18 32
30 60 62 47
31 10 41 16
32 30 60 55
33 15 48 74
34 12 12 1
35 58 97 31
36 53 19 30
37 50 74 33
38 42 36 58
39 25 88 77
40 57 49 91
41 56 59 32
42 73 42 44
43 80 57 92
44 6 69 56
45 59 27 5
46 90 80 25
47 72 83 51
48 5 77 88
49 64 2 28
50 93 11 77
51 84 20 37
52 68 45 31
53 12 25 88
54 56 83 10
55 13 43 89
56 18 33 70
57 95 6 5
58 47 11 82
59 87 27 36
60 15 20 99
61 93 4 19
62 82 24 64
63 65 36 41
64 53 93 25
65 15 58 68
66 5 28 53
67 27 24 59
68 32 71 23
69 66 10 50
70 2 25 71
71 1 70 27
72 73 4 4
73 89 69 92
74 31 75 37
75 8 90 95
76 28 95 24
77 81 22 48
78 41 6 71
79 16 72 33
80 66 26 10
81 89 80 81
82 69 53 37
83 73 94 7
84 17 77 34
85 55 85 24
86 50 65 72
87 26 47 46
88 26 40 53
89 49 8 77
90 82 74 56
91 93 16 88
92 26 37 93
93 63 62 87
94 22 79 65
95 56 34 2
96 33 85 68
97 57 63 67
98 3 90 59
99 8 39 67
100 38 22 41
101 94 67 9
102 82 93 46
103 75 8 8
104 14 83 88
105 79 91 74
106 82 24 11
107 2 81 75
108 69 37 65
109 28 45 4
110 47 83 26
111 40 29 93
112 50 63 38
113 96 38 47
114 57 53 82
115 97 84 73
116 71 18 50
117 83 20 83
118 58 41 20
119 23 21 66
120 79 68 1
121 58 9 31
122 51 59 46
123 42 7 85
124 41 16 90
125 23 13 26
126 96 37 45
127 46 20 17
128 30 30 59
129 50 5 80
130 68 84 1
131 22 42 10
132 5 46 21
133 51 40 80
134 88 81 97
135 30 4 62
136 57 52 99
137 2 99 71
138 71 81 53
139 30 83 58
140 63 4 95
141 64 26 89
142 74 83 35
143 47 86 27
144 27 75 8
145 76 5 64
146 91 14 17
147 42 68 68
148 14 40 49
149 19 70 84
150 30 85 88
151 25 49 66
152 66 75 49
153 54 74 36
154 81 2 63
155 90 30 20
156 6 21 35
157 23 64 3
158 43 30 43
159 44 1 66
160 29 31 3
161 69 8 53
162 36 75 80
163 37 29 55
164 25 62 9
165 88 52 91
166 9 11 13
167 44 86 29
168 99 30 11
169 43 74 12
170 61 55 44
171 64 25 4
172 69 61 79
173 50 98 60
174 57 76 23
175 18 64 27
176 9 73 38
177 74 69 25
178 3 69 7
179 14 64 33
180 79 77 89
181 23 41 14
182 79 63 27
183 11 65 77
184 71 22 53
185 46 92 18
186 26 1 43
187 16 76 13
188 93 79 34
189 0 46 98
190 34 25 75
191 75 0 68
192 41 79 83
193 68 42 48
194 97 66 22
195 51 12 14
196 21 90 16
197 16 7 92
198 81 0 23
199 15 1 21
200 65 87 46
201 92 14 98
202 13 55 30
203 96 23 72
204 45 72 38
205 67 23 3
206 82 96 93
207 50 65 0
208 94 46 1
209 17 14 54
210 39 31 93
211 37 24 7
212 36 89 62
213 18 85 37
214 90 82 9
215 29 2 85
216 32 36 33
217 77 86 98
218 78 80 97
219 31 49 11
220 37 40 42
221 82 78 18
222 41 66 59
223 55 84 97
224 92 26 79
225 53 7 33
226 90 39 69
227 24 69 55
228 74 99 87
229 71 30 37
230 34 19 29
231 29 53 7
232 99 94 25
233 59 49 61
234 56 41 40
235 87 46 47
236 21 37 39
237 90 13 8
238 98 87 7
239 85 11 89
240 74 45 8
241 4 26 61
242 63 26 55
243 41 85 56
244 54 93 49
245 94 80 95
246 42 53 84
247 81 44 97
248 89 94 37
249 48 79 48
250 37 6 45
251 97 10 72
252 58 25 50
253 65 66 35
254 73 21 80
255 22 15 12
256 17 57 66
257 54 90 62
258 51 31 56
259 40 79 35
260 40 16 41
261 86 13 3
262 10 23 29
263 60 40 95
264 47 13 68
265 27 35 84
266 91 5 93
267 57 59 84
268 19 62 67
269 75 55 47
270 63 95 63
271 56 33 29
272 60 43 52
273 41 55 45
274 36 2 58
275 57 81 46
276 41 73 51
277 86 82 62
278 22 2 76
279 90 77 83
280 89 40 79
281 52 97 12
282 33 9 8
283 38 50 63
284 83 38 18
285 93 95 51
286 39 88 76
287 42 75 59
288 56 49 61
289 33 91 90
290 16 80 83
291 47 85 32
292 12 18 41
293 20 56 43
294 35 91 81
295 5 85 77
296 57 24 17
297 33 19 44
298 44 75 94
299 5 8 37
300 48 77 18
301 31 76 3
302 63 88 73
303 56 60 82
304 99 96 73
305 80 53 10
306 9 10 87
307 79 96 6
308 23 92 81
309 69 50 42
310 7 98 71
311 25 81 47
312 80 44 88
313 53 52 48
314 87 51 96
315 13 83 50
316 23 45 12
317 62 24 8
318 68 47 53
319 2 17 3
320 44 76 1
321 67 53 82
322 14 33 78
323 2 38 30
324 3 26 81
325 99 91 16
326 49 14 61
327 14 29 85
328 22 97 85
329 27 99 54
330 30 95 30
331 31 62 83
332 65 29 16
333 43 83 6
334 73 86 84
335 6 38 75
336 75 39 42
337 36 53 71
338 74 28 20
339 59 55 72
340 13 86 19
341 43 69 82
342 26 35 63
343 94 78 98
344 52 4 37
345 37 10 75
346 12 37 66
347 6 74 20
348 29 0 48
349 50 59 55
350 22 24 41
351 93 19 11
352 27 45 98
353 90 91 76
354 89 43 80
355 26 32 43
356 53 97 80
357 19 3 6
358 39 33 6
359 39 35 17
360 47 9 41
361 40 2 60
362 3 30 57
363 1 20 0
364 78 61 44
365 10 39 76
366 5 92 25
367 38 64 29
368 96 55 14
369 3 47 49
370 72 94 58
371 14 34 60
372 26 38 90
373 84 39 11
374 84 69 24
375 80 32 64
376 9 37 8
377 34 27 72
378 15 24 28
379 29 79 75
380 78 51 21
381 88 17 55
382 49 44 93
383 39 80 85
384 2 16 54
385 27 97 38
386 43 58 76
387 3 44 55
388 76 60 79
389 56 41 10
390 83 72 62
391 4 60 79
392 11 9 75
393 57 1 55
394 42 3 72
395 48 82 21
396 87 77 31
397 15 81 75
398 70 9 87
399 2 17 29
400 12 0 53
401 26 56 13
402 6 19 23
403 81 76 24
404 89 70 79
405 61 19 14
406 82 6 91
407 65 21 24
408 40 43 33
409 80 45 50
410 61 10 2
411 14 36 10
412 27 94 30
413 2 76 58
414 78 17 29
415 58 78 48
416 72 12 6
417 15 77 79
418 40 69 74
419 73 49 20
420 76 10 30
421 30 76 66
422 41 56 61
423 23 58 89
424 81 37 6
425 62 47 36
426 62 71 0
427 20 86 77
428 99 26 46
429 74 52 48
430 46 80 10
431 28 10 87
432 46 51 43
433 59 26 53
434 0 60 90
435 58 22 89
436 94 37 60
437 94 57 47
438 23 9 25
439 22 35 77
440 70 81 57
441 80 9 20
442 19 7 71
443 14 67 50
444 68 67 10
445 10 26 84
446 0 72 21
447 60 67 31
448 59 42 40
449 85 64 75
450 14 34 8
451 24 67 69
452 44 38 76
453 67 5 43
454 17 73 63
455 79 35 89
456 64 87 13
457 37 0 32
458 68 59 75
459 60 96 39
460 35 11 26
461 95 35 93
462 64 31 83
463 41 98 88
464 36 68 13
465 99 47 1
466 40 63 88
467 54 53 88
468 86 21 0
469 13 82 96
470 53 69 59
471 31 65 46
472 76 29 77
473 59 22 28
474 0 59 48
475 13 58 47
476 14 99 11
477 55 5 64
478 95 43 37
479 95 57 71
480 44 62 93
481 3 45 58
482 50 21 39
483 79 32 62
484 7 32 73
485 7 98 31
486 55 64 82
487 66 19 39
488 82 67 35
489 71 62 44
490 43 58 58
491 36 14 3
492 46 16 24
493 37 95 56
494 99 55 41
495 24 62 39
496 56 17 3
497 90 35 75
498 82 69 42
499 17 41 56
500 61 84 15
501 19 72 29
502 22 18 45
503 98 55 92
504 6 7 47
505 99 31 62
506 38 39 31
507 94 82 67
508 69 64 36
509 11 33 77
510 67 94 13
511 34 65 85
512 15 39 3
513 12 37 11
514 5 95 18
515 4 95 1
516 66 85 41
517 50 79 75
518 17 48 91
519 5 11 24
520 35 31 70
521 48 17 35
522 34 33 74
523 89 97 63
524 0 2 58
525 18 59 5
526 72 77 91
527 65 27 70
528 40 44 71
529 31 2 34
530 55 37 17
531 77 85 35
532 12 71 20
533 86 61 17
534 1 61 72
535 59 32 31
536 17 4 8
537 8 69 36
538 30 9 32
539 53 92 86
540 40 99 23
541 57 76 61
542 44 88 32
543 64 26 93
544 34 27 55
545 6 38 39
546 37 7 43
547 97 15 12
548 85 98 73
549 18 51 65
550 4 43 64
551 80 1 92
552 41 97 80
553 25 62 58
554 19 96 37
555 26 54 27
556 65 91 35
557 8 40 50
558 72 26 0
559 45 96 4
560 62 52 47
561 26 32 0
562 18 25 98
563 50 51 12
564 60 22 60
565 97 48 14
566 24 65 57
567 59 25 97
568 62 97 23
569 14 94 19
570 18 56 72
571 66 34 56
572 18 4 82
573 16 6 85
574 28 66 7
575 88 63 7
576 54 39 72
577 11 99 97
578 9 13 46
579 84 27 40
580 56 46 96
581 80 64 82
582 36 82 86
583 70 99 92
584 55 79 10
585 14 20 73
586 21 74 64
587 93 86 63
588 42 47 28
589 88 83 8
590 28 91 54
591 76 71 70
592 10 60 4
593 96 82 55
594 40 90 35
595 50 4 55
596 75 26 81
597 40 71 19
598 55 14 66
599 84 54 2
600 92 83 93
601 98 11 65
602 20 22 77
603 24 70 59
604 80 11 49
605 67 13 54
606 74 89 32
607 55 81 55
608 75 36 21
609 93 72 76
610 47 16 11
611 41 66 74
612 58 86 96
613 35 63 19
614 46 95 82
615 96 62 95
616 2 88 36
617 86 95 69
618 93 22 58
619 15 16 30
620 91 63 99
621 54 56 65
622 28 14 4
623 77 1 19
624 96 0 14
625 30 96 28
626 25 50 68
627 14 88 63
628 35 81 86
629 93 96 54
630 76 39 69
631 75 93 26
632 92 22 92
633 96 51 46
634 67 47 46
635 33 77 94
636 61 54 44
637 29 20 84
638 45 56 65
639 83 1 62
640 37 77 53
641 6 52 47
642 84 45 21
643 29 93 24
644 75 61 71
645 21 94 0
646 67 8 6
647 63 89 79
648 47 86 87
649 12 69 88
650 26 6 18
651 32 65 70
652 31 49 67
653 52 78 61
654 76 53 74
655 99 26 20
656 51 45 80
657 9 8 70
658 40 55 56
659 27 20 26
660 68 98 84
661 86 30 49
662 8 61 99
663 76 65 29
664 89 93 83
665 15 44 61
666 35 47 59
667 16 57 67
668 38 97 75
669 46 77 47
670 24 97 45
671 9 83 28
672 58 43 41
673 9 19 59
674 39 60 52
675 74 75 49
676 35 63 96
677 46 31 5
678 14 21 55
679 41 67 32
680 88 92 81
681 85 1 16
682 13 11 59
683 7 21 31
684 66 60 91
685 70 34 19
686 19 21 82
687 68 68 65
688 73 34 86
689 80 75 5
690 64 63 97
691 45 48 50
692 61 14 62
693 21 73 35
694 4 91 95
695 95 61 81
696 66 33 54
697 0 53 22
698 65 26 8
699 3 7 83
700 9 71 98
701 58 69 99
702 9 30 65
703 23 3 38
704 58 7 29
705 5 55 42
706 38 21 27
707 92 74 80
708 67 39 7
709 75 95 66
710 11 4 89
711 9 62 58
712 8 23 41
713 73 46 96
714 63 56 4
715 92 13 11
716 87 51 84
717 14 96 58
718 95 63 50
719 54 90 45
720 20 1 49
721 61 11 63
722 72 71 87
723 13 97 85
724 9 60 94
725 65 5 7
726 28 92 11
727 13 6 59
728 71 1 74
729 73 55 64
730 18 27 18
731 19 41 81
732 83 13 52
733 22 78 49
734 59 39 62
735 53 57 67
736 13 85 59
737 76 98 65
738 35 22 67
739 9 95 74
740 73 14 54
741 43 85 95
742 24 20 60
743 77 42 38
744 78 2 29
745 92 7 86
746 59 20 72
747 18 48 70
748 84 83 44
749 3 92 40
750 29 18 6
751 83 13 43
752 78 38 64
753 90 67 58
754 28 97 12
755 10 90 20
756 96 49 92
757 68 68 41
758 91 4 76
759 87 59 21
760 27 88 91
761 85 24 4
762 81 54 42
763 45 45 61
764 3 25 59
765 16 35 49
766 88 32 50
767 32 52 18
768 73 43 74
769 2 83 85
770 23 62 74
771 14 48 50
772 70 81 4
773 65 26 49
774 26 81 27
775 85 97 62
776 86 37 94
777 37 70 99
778 7 95 94
779 34 97 77
780 19 72 40
781 45 38 40
782 95 9 21
783 52 74 47
784 53 0 28
785 80 38 78
786 43 24 15
