821
1 63 85 32
2 20 38 6
3 67 91 24
4 42 74 81
5 49 51 14
6 35 45 76
7 41 11 49
8 71 25 41
9 24 35 52
10 96 81 94
11 70 44 31
12 2 64 69
13 8 83 12
14 84 25 87
15 18 26 90
16 32 62 88
17 61 3 99
18 10 74 25
19 3 98 12
20 55 46 93
21 2 68 89
22 33 71 6
23 55 31 89
24 67 16 67
25 6 86 45
26 97 18 59
27 85 31 62
28 36 94 88
29 13 97 38
30 26 5 37
31 71 59 5
32 61 92 28
33 67 47 60
34 8 67 28
35 75 73 14
36 21 22 84
37 80 59 16
38 95 96 10
39 35 9 59
40 26 87 16
41 15 59 75
42 72 20 20
43 1 39 19
44 13 47 86
45 41 75 60
46 7 48 82
47 43 80 94
48 11 75 90
49 21 63 51
50 33 41 91
51 1 56 50
52 77 28 22
53 49 81 61
54 68 94 60
55 55 87 87
56 67 46 35
57 49 90 16
58 95 1 43
59 85 75 58
60 89 8 99
61 80 9 7
62 82 38 88
63 4 87 69
64 17 56 16
65 77 63 55
66 65 30 2
67 52 31 44
68 68 27 45
69 12 64 20
70 22 5 80
71 22 85 42
72 81 67 32
73 69 23 20
74 91 40 28
75 7 18 43
76 62 35 73
77 16 87 56
78 60 8 83
79 58 72 0
80 30 94 5
81 11 16 43
82 5 50 10
83 37 19 34
84 9 10 26
85 89 69 44
86 32 32 31
87 57 0 19
88 14 61 27
89 49 19 99
90 49 49 45
91 7 12 62
92 50 17 12
93 60 7 83
94 46 68 94
95 25 10 63
96 69 94 47
97 53 52 0
98 24 18 61
99 51 19 32
100 2 21 81
101 47 28 46
102 61 78 15
103 25 90 22
104 9 89 43
105 55 14 53
106 70 35 47
107 70 88 51
108 70 12 69
109 83 15 41
110 15 17 62
111 48 17 90
112 94 30 68
113 10 56 10
114 84 17 99
115 79 24 13
116 32 46 1
117 32 68 89
118 83 38 54
119 5 21 69
120 46 88 39
121 8 37 56
122 50 83 38
123 70 45 46
124 80 82 15
125 80 61 39
126 45 46 38
127 46 78 6
128 88 13 97
129 42 18 70
130 11 16 59
131 50 24 96
132 58 26 31
133 49 96 77
134 95 77 59
135 11 9 20
136 2 6 18
137 40 53 96
138 99 93 10
139 96 35 80
140 66 98 97
141 25 49 21
142 73 59 0
143 57 8 96
144 34 4 73
145 45 67 34
146 17 69 41
147 36 62 46
148 32 61 39
149 94 9 74
150 75 27 72
151 72 5 73
152 45 30 85
153 45 87 93
154 94 21 49
155 19 66 68
156 54 84 38
157 95 20 52
158 93 4 65
159 32 51 74
160 58 26 53
161 30 50 58
162 56 47 89
163 41 45 76
164 86 39 50
165 88 58 16
166 56 64 52
167 94 11 24
168 98 4 81
169 63 36 32
170 89 94 10
171 43 77 60
172 1 33 59
173 90 26 4
174 19 64 95
175 69 52 6
176 37 9 70
177 90 55 82
178 66 54 38
179 47 69 75
180 79 59 21
181 89 2 50
182 1 55 83
183 61 46 61
184 65 17 26
185 13 86 78
186 19 75 39
187 89 65 95
188 23 84 1
189 62 31 70
190 89 11 29
191 10 52 83
192 61 54 39
193 96 15 37
194 10 32 54
195 36 45 92
196 66 16 67
197 6 6 85
198 53 81 69
199 54 43 0
200 76 32 63
201 6 95 68
202 41 8 22
203 80 4 89
204 17 66 73
205 23 2 71
206 15 21 87
207 35 27 45
208 20 32 27
209 41 38 70
210 93 14 55
211 57 72 50
212 25 14 10
213 99 46 14
214 40 64 81
215 13 39 35
216 84 7 56
217 24 42 35
218 69 14 67
219 96 55 57
220 19 48 72
221 74 57 44
222 76 34 10
223 86 33 57
224 52 73 73
225 85 39 12
226 21 23 19
227 29 47 13
228 17 69 27
229 36 65 82
230 94 84 83
231 66 10 40
232 62 86 27
233 25 24 60
234 82 77 86
235 55 62 25
236 19 35 0
237 91 65 48
238 4 34 69
239 84 70 34
240 18 64 71
241 1 82 81
242 94 45 20
243 21 70 44
244 33 4 73
245 19 11 36
246 44 30 23
247 45 73 88
248 45 30 22
249 14 14 45
250 0 84 9
251 23 38 92
252 57 32 37
253 29 5 59
254 73 90 63
255 99 62 74
256 87 6 56
257 10 3 82
258 51 0 12
259 25 66 78
260 70 19 62
261 80 42 0
262 72 51 84
263 61 80 41
264 72 6 32
265 87 5 94
266 13 92 52
267 69 2 8
268 3 53 60
269 15 79 27
270 93 1 98
271 56 81 92
272 8 5 44
273 93 66 76
274 86 90 82
275 18 77 39
276 64 90 83
277 17 12 38
278 77 15 91
279 37 31 22
280 16 76 24
281 66 84 57
282 59 45 63
283 55 38 81
284 31 76 72
285 66 95 1
286 5 11 92
287 89 80 56
288 27 57 71
289 70 47 54
290 45 63 83
291 21 30 67
292 30 41 12
293 93 96 2
294 27 27 79
295 51 45 26
296 52 51 37
297 44 92 70
298 0 71 27
299 24 93 74
300 78 90 90
301 13 63 72
302 81 94 13
303 45 39 9
304 0 66 88
305 31 69 86
306 57 22 37
307 46 18 81
308 16 19 4
309 96 95 49
310 22 25 40
311 12 39 55
312 36 72 1
313 49 17 41
314 10 69 59
315 51 0 29
316 37 9 3
317 26 56 21
318 7 24 40
319 63 72 87
320 12 47 13
321 4 11 52
322 12 48 76
323 13 97 93
324 6 60 15
325 66 11 15
326 47 48 25
327 50 74 33
328 71 33 9
329 64 96 34
330 3 60 81
331 16 17 92
332 20 29 40
333 96 42 90
334 42 1 50
335 57 67 61
336 72 66 9
337 49 68 83
338 82 91 16
339 44 55 64
340 78 59 76
341 59 27 93
342 51 48 22
343 44 96 17
344 34 38 18
345 84 95 37
346 45 68 55
347 6 69 23
348 89 52 14
349 57 96 22
350 73 74 33
351 49 85 60
352 43 36 60
353 17 32 57
354 86 66 95
355 56 50 91
356 45 47 11
357 0 53 80
358 75 42 84
359 90 51 32
360 64 24 58
361 97 26 43
362 9 69 32
363 70 38 64
364 27 77 31
365 22 33 33
366 65 31 81
367 76 31 34
368 9 59 29
369 93 1 80
370 26 65 57
371 84 14 83
372 80 23 4
373 12 93 94
374 76 20 71
375 59 95 57
376 93 60 88
377 74 89 19
378 60 98 30
379 89 43 31
380 22 21 96
381 79 58 10
382 14 38 34
383 18 50 79
384 64 78 0
385 36 90 95
386 93 83 7
387 81 9 96
388 52 69 46
389 83 11 42
390 14 33 63
391 63 64 73
392 25 30 11
393 59 0 13
394 91 64 92
395 91 0 82
396 38 93 17
397 97 26 26
398 46 79 47
399 92 14 58
400 86 28 43
401 2 43 7
402 75 69 37
403 87 80 37
404 0 71 2
405 44 62 2
406 78 52 48
407 95 50 74
408 73 96 5
409 21 40 19
410 79 79 0
411 75 81 43
412 82 56 64
413 72 95 45
414 9 48 16
415 63 92 79
416 18 23 83
417 18 18 33
418 44 92 81
419 50 65 74
420 21 96 53
421 73 71 86
422 69 6 42
423 33 78 90
424 78 87 90
425 95 3 34
426 26 21 57
427 9 39 76
428 95 83 20
429 28 85 37
430 2 7 33
431 7 32 5
432 93 1 11
433 88 35 41
434 78 13 80
435 68 8 83
436 2 34 4
437 60 44 95
438 88 91 79
439 60 19 16
440 97 22 75
441 82 29 8
442 39 75 9
443 2 63 44
444 43 41 58
445 24 61 18
446 7 15 53
447 64 27 49
448 59 67 92
449 90 27 11
450 7 76 85
451 82 59 67
452 42 98 42
453 52 53 5
454 96 96 98
455 6 20 59
456 25 80 26
457 30 44 54
458 31 55 21
459 23 46 1
460 34 5 29
461 72 39 88
462 39 82 39
463 81 34 92
464 86 82 40
465 84 41 61
466 95 18 41
467 21 48 37
468 27 31 92
469 1 54 90
470 2 40 95
471 31 64 87
472 72 3 21
473 63 84 7
474 7 22 89
475 47 6 30
476 60 53 0
477 53 27 48
478 42 54 31
479 35 7 37
480 25 61 30
481 73 45 94
482 12 17 98
483 33 32 82
484 40 91 5
485 81 90 63
486 64 51 69
487 64 56 96
488 65 99 2
489 96 34 10
490 34 11 71
491 16 36 16
492 10 0 85
493 8 33 17
494 43 25 60
495 0 7 51
496 63 23 2
497 32 87 10
498 80 4 9
499 83 1 95
500 45 87 59
501 16 3 95
502 33 65 96
503 70 74 81
504 88 69 7
505 48 69 66
506 51 84 41
507 53 69 80
508 16 49 85
509 25 84 38
510 21 29 25
511 80 46 80
512 27 31 45
513 75 1 71
514 57 41 92
515 16 42 61
516 34 93 98
517 75 99 67
518 55 15 68
519 92 92 5
520 30 65 34
521 7 97 32
522 39 25 15
523 37 52 69
524 60 61 10
525 53 77 4
526 14 63 50
527 64 90 1
528 83 46 68
529 52 90 60
530 57 21 26
531 43 80 75
532 28 20 0
533 43 57 5
534 12 69 66
535 75 22 96
536 31 89 59
537 81 53 50
538 82 37 48
539 50 41 38
540 63 50 11
541 41 93 92
542 16 21 64
543 69 17 73
544 74 29 42
545 92 56 65
546 88 88 54
547 48 21 59
548 50 56 96
549 50 58 89
550 88 21 39
551 52 62 85
552 44 31 6
553 60 0 75
554 33 74 57
555 75 66 13
556 40 7 53
557 46 55 75
558 6 57 31
559 54 7 41
560 96 47 63
561 35 99 77
562 20 95 8
563 79 55 8
564 54 88 34
565 11 16 53
566 77 8 60
567 30 55 67
568 57 13 24
569 40 19 83
570 82 15 30
571 45 3 30
572 74 23 77
573 83 54 33
574 43 61 73
575 78 72 89
576 83 1 50
577 43 84 57
578 10 41 70
579 34 34 41
580 17 16 9
581 99 13 12
582 29 87 87
583 59 22 42
584 92 18 3
585 17 48 27
586 59 31 81
587 9 74 65
588 66 84 58
589 88 70 92
590 81 87 60
591 90 86 73
592 54 68 13
593 42 27 35
594 36 71 53
595 39 40 1
596 18 51 32
597 99 60 6
598 16 78 42
599 75 18 12
600 19 0 51
601 80 90 90
602 53 97 10
603 66 39 89
604 54 75 12
605 59 66 52
606 13 36 4
607 45 88 16
608 4 4 47
609 98 31 65
610 11 51 17
611 14 83 60
612 4 88 57
613 14 7 96
614 3 13 23
615 15 72 41
616 20 85 77
617 76 83 65
618 92 39 22
619 91 37 53
620 57 0 56
621 26 15 91
622 86 19 80
623 43 34 39
624 91 89 52
625 14 57 24
626 7 77 62
627 85 53 45
628 2 97 84
629 24 89 73
630 30 98 74
631 86 24 89
632 30 11 8
633 10 6 94
634 1 98 36
635 53 64 93
636 29 72 70
637 91 9 75
638 36 63 72
639 72 88 13
640 46 70 11
641 20 8 36
642 61 38 99
643 69 0 5
644 16 1 55
645 4 54 72
646 97 84 96
647 19 75 5
648 94 64 20
649 18 36 60
650 32 34 30
651 95 6 39
652 31 67 77
653 82 89 30
654 40 57 31
655 47 61 86
656 19 10 22
657 15 29 97
658 72 75 13
659 93 45 2
660 53 29 36
661 84 25 95
662 75 56 62
663 4 91 3
664 34 83 60
665 66 30 73
666 4 50 83
667 26 17 64
668 75 90 91
669 89 83 37
670 43 88 66
671 31 24 91
672 26 99 0
673 89 4 43
674 44 90 26
675 5 8 56
676 78 12 58
677 62 90 76
678 78 18 18
679 70 59 1
680 7 2 41
681 25 33 66
682 17 60 65
683 69 1 21
684 12 45 64
685 38 50 72
686 94 81 37
687 5 95 79
688 81 73 97
689 99 43 56
690 52 2 58
691 93 28 44
692 59 45 4
693 77 14 5
694 50 78 2
695 14 16 5
696 39 62 86
697 28 67 33
698 7 0 6
699 5 99 2
700 13 3 4
701 24 97 32
702 68 8 29
703 72 37 95
704 29 40 73
705 31 6 89
706 88 45 4
707 26 73 71
708 59 33 72
709 18 90 23
710 20 3 27
711 24 27 76
712 9 95 36
713 38 19 74
714 34 48 66
715 59 32 72
716 1 72 70
717 5 99 43
718 76 58 28
719 48 28 18
720 24 48 22
721 51 25 1
722 79 86 49
723 15 24 68
724 41 10 69
725 7 22 53
726 32 23 25
727 2 28 24
728 97 4 35
729 26 5 15
730 44 29 64
731 18 32 41
732 72 63 79
733 21 78 3
734 89 72 66
735 10 31 40
736 63 63 63
737 89 65 91
738 65 63 47
739 0 41 4
740 68 37 85
741 32 56 17
742 25 28 32
743 4 1 11
744 59 42 35
745 77 53 66
746 17 16 82
747 32 5 99
748 23 23 14
749 23 75 55
750 27 43 93
751 13 27 1
752 82 52 81
753 15 8 82
754 78 20 24
755 13 97 29
756 31 67 46
757 65 99 3
758 65 75 26
759 31 98 2
760 87 77 45
761 32 90 73
762 85 73 77
763 66 40 86
764 0 18 58
765 76 83 7
766 6 66 74
767 52 32 26
768 7 49 53
769 34 80 51
770 36 19 80
771 33 3 71
772 6 88 96
773 84 6 36
774 22 6 6
775 80 35 41
776 87 93 7
777 14 45 91
778 92 4 40
779 45 38 73
780 48 26 44
781 28 60 48
782 51 66 88
783 47 2 95
784 35 76 53
785 93 8 40
786 34 48 33
787 42 62 30
788 33 54 35
789 26 99 73
790 51 99 0
791 95 27 12
792 95 79 30
793 36 26 33
794 83 14 61
795 36 7 70
796 77 42 18
797 62 36 32
798 93 21 38
799 28 47 89
800 53 50 88
801 5 98 15
802 17 45 46
803 48 81 25
804 33 64 39
805 46 53 98
806 68 82 40
807 86 44 28
808 70 37 50
809 60 17 97
810 49 71 0
811 37 28 98
812 5 46 43
813 51 46 25
814 76 31 41
815 15 77 94
816 14 46 76
817 6 84 21
818 35 55 10
819 37 67 28
820 86 17 51
821 86 6 79
