369
2
64
74
28
22
96
53
90
32
30
59
91
11
75
21
16
90
49
7
7
91
69
78
83
50
43
68
75
2
4
85
70
68
23
97
55
17
48
44
14
43
1
70
53
42
90
69
30
38
41
2
94
8
45
75
23
88
42
97
55
11
46
23
78
68
85
32
50
98
75
63
39
41
31
91
82
87
24
77
90
30
78
82
37
22
21
25
75
28
87
28
39
31
16
15
64
100
12
12
96
86
74
33
26
71
89
6
56
12
49
44
41
25
91
44
12
10
68
86
4
20
79
42
50
94
22
13
92
34
91
86
85
30
84
9
100
72
82
20
83
96
63
89
19
18
98
31
27
31
82
30
50
60
37
65
52
59
43
9
92
33
94
75
62
77
50
60
13
97
79
95
91
6
48
75
23
45
71
15
75
52
11
90
77
47
53
94
71
96
1
61
27
95
1
54
36
16
12
48
11
56
7
67
27
20
40
15
64
77
96
3
27
5
92
2
18
10
95
88
4
62
14
30
21
81
83
56
96
60
69
72
81
41
37
73
60
42
87
90
17
81
58
9
52
15
77
69
24
37
21
27
98
101
22
17
80
70
38
74
95
72
10
74
11
12
45
36
54
30
91
36
76
14
11
26
28
87
60
51
22
47
43
85
46
64
101
25
99
3
64
92
74
40
64
50
51
74
86
70
69
41
5
43
54
15
35
47
67
94
63
55
39
4
38
85
33
4
75
97
6
3
87
80
8
15
28
59
88
79
27
55
19
98
64
38
78
98
51
44
90
12
98
95
83
34
44
14
3
84
10
9
52
62
88
60
77
81
17
63
59
9
84
43
73
46
46
49
8
96
