735
62
32
89
59
82
78
74
96
52
69
101
100
90
97
28
95
35
46
86
25
21
45
78
91
86
79
42
80
65
64
13
25
61
101
49
41
43
22
36
95
56
1
93
44
97
86
37
98
30
88
21
17
98
98
6
49
41
47
27
71
76
39
61
35
4
9
41
47
97
42
6
51
43
64
61
4
48
97
101
43
50
88
59
46
50
30
60
57
42
87
26
16
91
87
16
61
61
57
73
56
98
78
5
5
6
31
9
53
27
75
61
42
27
86
53
77
14
12
99
22
64
23
3
19
75
19
79
34
41
50
89
3
93
60
8
98
90
83
15
82
22
76
89
49
60
41
91
39
18
88
60
47
9
63
65
50
47
9
83
87
24
37
89
16
96
62
79
50
9
60
31
31
34
18
79
59
24
68
97
41
54
22
87
28
84
17
43
29
25
25
81
48
61
34
29
21
96
74
70
3
32
66
33
31
50
77
89
39
9
50
80
28
71
31
22
53
13
64
47
37
88
26
51
13
60
45
100
20
17
35
89
14
66
21
44
14
63
98
53
72
47
98
99
83
94
19
1
6
83
47
8
35
39
24
14
98
69
79
83
51
12
70
65
78
56
74
57
18
37
75
55
83
71
18
30
30
37
30
1
85
43
75
85
81
99
64
43
32
42
24
48
19
93
78
96
48
51
18
31
87
92
85
34
28
1
63
57
3
59
23
53
101
97
3
80
60
32
21
91
73
44
38
92
1
14
52
48
30
69
78
82
26
27
14
53
95
43
75
63
101
97
15
66
58
84
44
17
14
30
6
53
73
9
43
73
90
60
87
18
95
29
100
19
22
79
71
15
87
44
77
86
5
57
50
62
39
59
78
53
88
50
4
25
24
12
64
79
37
49
97
30
43
61
48
64
4
84
78
91
26
20
41
97
76
91
58
14
14
101
32
1
15
1
25
5
79
88
83
14
1
44
44
44
70
57
73
74
40
16
29
31
35
69
27
9
24
50
89
38
15
86
38
30
52
28
101
29
82
82
9
48
92
52
57
60
7
29
99
12
44
26
43
78
95
69
52
17
17
6
54
31
57
57
26
8
51
92
2
98
73
10
44
29
61
101
54
34
95
52
45
37
77
53
80
36
20
97
19
2
1
38
33
24
95
24
31
10
15
32
73
53
8
15
81
34
81
33
33
74
50
78
9
93
29
54
27
15
50
45
16
16
83
14
39
42
38
35
17
18
33
89
70
40
2
15
73
49
13
5
21
63
48
97
54
42
49
46
56
98
91
38
80
38
51
17
79
54
52
95
71
84
82
5
22
49
86
60
97
99
64
84
26
10
79
45
18
26
90
39
90
45
76
68
82
26
50
59
45
67
18
82
15
65
52
36
80
37
62
75
101
24
57
92
101
101
35
84
93
90
21
47
34
97
80
14
88
28
39
31
95
56
78
8
87
29
10
65
65
71
38
30
60
61
20
25
26
20
7
17
8
28
63
41
23
41
55
76
35
93
5
28
13
83
1
99
77
77
62
40
12
66
69
38
92
54
62
16
73
35
100
80
62
61
87
50
68
6
24
1
64
95
95
76
42
61
40
17
37
101
22
14
31
56
51
21
8
79
3
46
12
1
92
73
27
77
88
94
82
10
94
44
70
53
85
11
13
23
94
15
90
15
28
19
70
79
