517
77
40
1
81
38
58
3
54
45
22
83
74
20
89
93
21
89
60
96
90
59
52
99
35
73
79
89
57
31
34
88
74
40
88
53
77
44
56
29
88
77
10
27
62
98
85
83
51
43
77
5
67
94
70
1
31
47
55
53
44
55
39
16
94
25
34
69
35
55
97
21
97
73
13
58
35
98
5
52
39
47
22
5
39
91
72
35
3
25
88
12
79
25
94
37
16
26
4
50
47
67
36
42
38
49
65
38
45
35
89
83
81
77
53
85
66
90
19
68
81
72
45
24
96
37
61
10
63
64
59
8
29
95
15
32
8
80
70
52
80
23
100
26
99
52
76
30
6
60
63
86
30
7
9
25
43
69
34
71
31
59
44
26
18
59
57
25
3
92
42
48
81
40
73
44
57
48
73
63
6
1
47
36
7
55
26
15
89
25
86
19
83
95
10
66
18
32
56
87
90
97
34
69
36
5
11
92
18
50
19
24
50
66
25
56
86
50
36
74
74
20
58
22
81
33
87
98
64
42
84
52
37
83
86
38
53
97
29
71
45
13
94
94
78
84
14
29
32
49
1
4
35
24
92
14
56
78
77
85
85
25
36
87
73
20
24
25
82
18
95
92
30
53
50
74
35
63
1
66
78
68
35
78
57
93
57
78
69
32
61
18
23
96
3
95
82
93
18
62
76
78
19
72
29
68
44
29
30
10
60
73
43
95
49
65
86
4
41
19
1
101
2
90
62
71
84
8
29
67
35
3
44
53
74
38
20
83
67
15
58
25
87
66
85
101
29
35
70
35
19
36
1
20
25
62
91
7
69
18
73
69
87
82
21
26
19
40
74
85
20
31
8
72
62
59
71
57
93
5
91
11
40
57
97
64
17
86
70
51
69
8
19
21
55
5
46
73
10
18
22
29
14
30
100
42
88
35
64
45
39
19
55
78
76
51
41
92
1
76
8
36
49
93
22
3
97
67
41
5
50
63
100
30
92
64
37
44
98
100
54
35
17
75
78
92
24
84
49
91
59
22
92
73
13
12
41
8
78
82
79
94
43
43
89
100
5
24
8
1
89
61
1
71
34
78
62
23
27
76
13
85
97
3
22
75
82
63
48
58
43
25
16
51
67
70
49
71
93
56
37
46
15
37
16
15
80
43
37
5
17
15
55
79
85
43
52
65
