789
54
96
26
92
44
35
76
66
79
20
34
2
101
49
77
30
69
22
85
5
7
17
81
78
75
51
101
7
65
30
15
17
91
6
74
33
6
15
98
84
34
98
52
100
11
94
28
79
14
79
49
87
61
28
63
34
44
28
40
7
24
20
90
13
92
63
12
97
77
75
46
76
71
97
74
81
55
67
58
34
10
5
19
70
100
47
2
42
75
8
15
98
94
3
76
85
65
87
46
6
61
91
47
30
52
19
77
5
52
33
4
61
4
22
30
69
69
98
76
8
71
90
4
30
93
79
13
22
31
24
95
91
14
40
86
65
25
61
36
42
60
39
1
63
27
97
97
61
60
71
68
96
60
37
24
17
81
2
38
10
26
98
100
39
37
51
69
27
10
70
68
69
75
34
97
67
97
92
26
55
28
59
49
87
95
39
2
74
40
5
50
65
2
14
69
4
64
3
97
74
38
29
7
11
62
70
77
57
26
68
77
53
25
92
4
85
29
5
24
68
77
73
99
44
86
32
13
15
34
75
54
38
2
60
48
29
95
91
86
20
23
61
38
48
17
42
98
45
12
20
79
88
92
42
97
43
73
75
23
73
48
76
9
49
101
22
78
95
78
28
80
101
54
16
13
71
57
9
81
69
96
58
21
52
99
17
60
37
91
82
8
4
22
83
52
22
3
95
82
81
88
60
46
41
75
24
77
98
99
56
65
93
80
85
44
77
67
2
79
23
84
86
26
4
67
43
92
36
3
72
82
90
30
26
29
71
49
71
67
46
26
97
4
4
46
47
46
12
48
24
101
97
75
25
67
41
33
57
42
35
95
22
24
23
13
18
59
27
89
91
72
13
86
75
83
31
87
27
8
101
16
7
96
91
98
61
97
29
84
37
30
77
24
53
65
36
70
90
62
57
79
99
35
30
39
16
60
24
9
33
23
24
5
85
80
68
10
75
62
93
77
91
34
100
42
65
34
78
53
95
33
30
59
34
59
97
49
84
19
23
82
8
47
86
92
25
18
101
66
80
59
41
69
92
40
77
55
39
53
6
100
51
2
57
84
26
18
32
9
36
54
90
9
66
41
100
57
58
100
88
36
23
27
71
13
32
46
34
37
64
5
1
13
6
57
97
32
74
94
6
75
46
61
84
78
67
48
100
24
46
86
25
34
78
95
47
76
5
80
78
68
84
78
81
56
33
76
53
72
34
58
11
79
84
94
21
50
41
86
39
52
36
63
86
80
23
98
54
94
42
97
61
91
73
6
45
71
47
97
41
80
19
17
23
69
77
10
17
16
95
55
33
30
83
84
75
4
46
27
98
87
22
23
43
60
95
87
29
6
49
35
85
33
51
73
101
26
82
83
7
42
36
6
37
85
55
10
88
67
2
50
52
90
38
94
48
98
46
42
2
60
42
52
92
92
24
58
84
71
39
56
78
41
27
80
24
82
89
77
47
56
93
64
44
96
23
57
93
34
64
94
93
4
11
83
62
34
5
44
70
10
65
13
50
92
92
39
38
46
81
50
101
72
79
10
67
101
32
58
100
96
16
91
99
26
39
59
25
43
68
61
52
99
73
67
55
29
4
58
74
51
6
40
21
50
15
87
16
46
9
14
40
25
4
4
16
42
28
41
50
62
101
68
59
38
33
12
66
3
35
5
53
6
44
39
55
58
92
36
69
100
50
8
90
19
78
5
26
4
11
75
65
77
41
89
13
40
66
78
8
100
48
60
4
91
64
25
13
54
60
82
53
75
55
7
93
31
78
17
34
88
92
65
63
98
18
41
2
84
