406
28
98
77
62
97
6
37
66
54
32
55
40
43
45
28
71
95
56
60
83
19
14
63
38
43
83
83
76
42
92
44
35
88
86
62
49
58
98
80
77
28
100
16
37
44
9
6
3
65
65
51
49
78
13
87
86
61
34
60
68
91
3
1
77
54
62
91
10
25
69
87
52
68
1
88
77
76
93
45
39
22
96
88
66
74
39
50
33
38
9
66
27
78
66
69
30
93
24
40
16
58
92
34
24
58
87
66
32
79
10
71
66
4
23
30
43
27
80
75
30
88
39
56
64
70
90
59
27
79
64
9
35
54
8
59
77
94
90
8
71
99
44
36
68
66
31
9
58
9
49
87
62
53
7
91
21
62
49
14
39
78
22
73
31
96
97
73
88
86
80
58
49
22
59
16
53
55
24
76
64
73
61
91
24
33
81
11
94
95
91
31
71
78
70
67
72
31
39
58
15
84
81
64
72
4
45
90
59
68
65
88
5
91
77
96
23
56
72
82
49
61
79
86
37
47
51
7
77
55
30
58
38
10
87
8
13
30
63
71
63
26
57
34
16
33
95
4
54
65
85
69
91
62
53
93
74
69
65
50
90
94
73
26
2
58
100
15
87
27
51
14
53
74
47
34
72
40
3
24
70
87
58
25
14
76
16
87
10
46
1
99
39
73
90
40
29
54
20
81
80
37
61
98
76
6
97
46
12
99
35
47
51
93
72
64
33
53
15
42
99
16
5
2
88
94
41
83
46
27
28
92
29
88
88
3
60
84
48
37
47
48
83
97
39
19
59
38
38
74
79
35
55
50
36
7
42
42
55
54
34
83
44
28
35
97
30
60
45
43
96
92
91
44
87
95
28
11
31
65
50
76
65
3
24
66
9
31
74
64
84
73
11
93
101
11
89
29
37
99
72
31
89
61
40
41
54
