622
68
66
96
25
6
40
83
47
53
88
82
20
23
91
78
91
99
83
91
55
70
12
93
24
54
96
12
26
81
93
50
47
23
44
38
29
50
19
75
68
72
21
88
61
10
30
50
74
11
5
28
47
83
86
36
35
81
47
26
26
5
76
73
27
85
76
21
33
94
96
101
31
82
53
91
92
82
5
30
59
9
23
71
91
8
5
91
54
52
15
79
22
56
16
48
40
91
35
72
50
29
37
80
76
55
69
66
2
73
62
26
47
84
96
2
57
100
92
9
16
72
54
3
27
35
17
32
92
51
2
40
45
5
85
19
59
18
85
26
56
11
51
1
94
45
2
50
10
59
24
92
96
77
95
21
78
10
52
68
26
20
73
70
91
56
88
14
39
37
40
94
47
56
60
40
101
27
55
76
85
78
32
45
20
92
66
97
67
83
63
92
68
101
60
57
55
47
71
59
83
76
51
96
30
9
34
96
1
88
36
51
30
68
95
49
58
59
44
91
7
72
81
40
71
40
63
91
52
99
48
100
73
64
94
68
38
93
63
38
45
98
88
75
30
82
22
54
5
32
43
78
69
89
17
5
94
79
61
44
76
75
9
13
37
68
80
41
60
7
44
3
71
31
77
100
78
65
18
82
62
60
25
29
14
41
100
6
85
60
16
59
33
91
37
35
57
15
41
15
22
85
85
92
14
26
56
57
90
74
37
50
99
27
79
11
67
77
84
16
1
99
74
100
88
76
34
9
91
40
91
78
23
74
68
2
99
22
58
88
61
95
2
59
87
46
35
53
89
17
68
89
81
7
88
33
82
87
42
37
25
31
13
48
70
46
49
67
34
6
19
94
66
21
17
51
66
52
69
53
34
2
7
81
75
94
12
21
79
19
58
69
15
36
15
84
82
30
16
14
1
34
73
66
20
90
82
86
6
50
3
5
17
9
85
91
68
63
10
11
47
67
80
62
2
60
10
49
55
92
28
55
25
100
86
10
54
67
95
25
82
64
30
98
38
80
87
5
7
96
82
54
28
60
81
96
86
56
43
39
47
70
60
37
34
44
46
88
9
6
11
56
69
40
52
72
86
3
42
92
65
23
10
92
48
90
52
32
45
94
37
57
28
96
93
61
38
37
47
13
8
58
34
76
63
86
13
47
54
54
4
17
76
13
74
23
69
24
20
79
83
56
34
9
16
25
36
20
27
82
32
35
4
65
76
33
15
88
45
69
7
48
51
82
61
91
70
95
13
90
72
62
10
4
70
26
95
4
45
20
52
42
20
21
72
62
53
87
14
98
20
20
10
36
68
36
25
36
29
4
91
100
65
101
2
100
92
96
70
35
82
20
76
67
6
12
27
59
98
7
21
83
26
30
18
93
32
8
95
60
11
84
59
75
49
26
74
39
88
8
39
34
94
