434
37
15
100
18
32
78
18
10
10
99
48
73
67
95
21
56
88
46
72
35
57
20
22
12
52
101
3
89
101
68
44
2
48
42
19
79
18
37
54
94
101
1
65
33
61
86
54
48
97
25
82
19
44
69
30
95
68
32
48
67
99
91
68
12
31
52
90
14
88
43
6
54
9
71
86
69
21
38
82
16
62
28
34
4
96
30
64
28
61
78
60
25
67
26
36
64
44
24
77
97
32
49
49
40
18
33
75
4
71
55
86
98
49
19
68
43
14
97
71
74
73
29
98
39
21
99
68
64
89
9
25
19
57
74
59
40
72
99
43
41
52
28
4
100
12
71
8
25
32
44
64
4
72
61
42
58
24
75
87
11
83
11
30
39
84
54
44
54
51
87
61
68
80
30
33
57
66
40
47
97
83
9
100
19
35
6
77
59
80
62
35
62
38
64
66
87
83
8
40
99
60
66
66
4
95
64
26
59
2
72
54
50
47
19
68
81
24
9
4
3
37
39
30
74
68
61
60
16
34
65
13
60
96
44
63
89
6
55
12
7
25
31
22
37
49
56
17
73
64
87
41
66
91
70
5
24
96
30
39
28
60
51
87
54
95
15
7
100
69
18
73
59
48
94
96
97
48
78
68
78
63
7
8
19
42
12
42
36
7
80
29
66
29
15
18
89
29
24
88
97
41
25
20
55
84
14
50
31
91
83
74
19
55
47
37
62
59
78
63
31
56
91
97
50
4
13
38
32
3
91
94
9
81
13
63
63
93
78
59
83
25
31
101
79
44
2
5
68
79
67
98
100
57
93
14
60
72
17
58
40
73
16
48
52
95
77
14
87
19
72
34
44
69
100
88
11
101
93
78
44
58
74
42
80
32
21
39
2
38
62
7
9
77
54
61
37
96
74
89
14
10
21
23
78
19
76
54
85
67
30
27
91
70
34
69
101
54
73
68
91
33
74
100
76
93
25
11
54
98
99
33
6
85
55
