499
1 31 90 90
2 21 88 12
3 1 93 71
4 75 59 32
5 80 78 29
6 30 27 37
7 87 16 38
8 56 76 75
9 21 53 38
10 75 53 57
11 74 84 99
12 17 58 87
13 81 11 81
14 52 86 92
15 85 18 71
16 66 48 98
17 55 88 67
18 93 44 43
19 20 17 48
20 58 92 1
21 67 19 38
22 18 36 96
23 6 17 59
24 39 21 45
25 31 58 15
26 54 24 16
27 5 79 4
28 72 25 0
29 67 97 18
30 67 8 62
31 69 75 81
32 7 94 69
33 55 52 38
34 66 91 60
35 63 74 18
36 78 29 95
37 46 34 26
38 50 58 51
39 3 77 49
40 73 44 9
41 35 13 84
42 17 72 30
43 86 79 34
44 25 45 77
45 37 8 52
46 55 39 33
47 2 85 67
48 29 88 77
49 80 43 54
50 81 16 98
51 90 51 64
52 27 20 88
53 9 59 68
54 96 36 65
55 73 73 26
56 25 80 65
57 58 83 50
58 77 12 90
59 54 44 33
60 60 78 49
61 59 20 53
62 23 99 73
63 11 61 32
64 31 57 68
65 97 30 93
66 23 8 26
67 40 18 9
68 42 96 73
69 33 2 69
70 66 63 47
71 68 74 68
72 21 97 19
73 94 60 80
74 79 44 37
75 99 93 20
76 93 68 80
77 19 8 98
78 80 50 94
79 53 83 49
80 22 2 64
81 22 70 38
82 42 91 35
83 61 37 47
84 94 16 91
85 83 16 84
86 3 61 52
87 83 32 12
88 82 12 63
89 28 17 98
90 29 91 0
91 93 13 70
92 31 55 13
93 18 69 51
94 66 63 19
95 9 46 35
96 94 2 48
97 98 85 80
98 11 19 92
99 26 0 9
100 24 29 1
101 25 75 66
102 47 6 74
103 13 25 43
104 64 43 58
105 83 52 56
106 71 46 58
107 19 97 96
108 0 60 67
109 44 86 67
110 6 10 49
111 59 87 76
112 25 35 82
113 99 48 59
114 94 64 2
115 52 99 55
116 9 70 53
117 19 42 50
118 15 94 10
119 35 90 96
120 54 96 59
121 55 55 46
122 31 81 81
123 14 32 81
124 73 27 97
125 28 31 97
126 83 40 19
127 36 12 61
128 39 79 7
129 1 14 98
130 50 69 46
131 9 76 54
132 55 8 35
133 89 74 19
134 22 47 46
135 20 75 78
136 17 10 70
137 88 99 82
138 2 90 14
139 9 91 28
140 59 93 49
141 6 54 26
142 60 10 34
143 47 51 8
144 18 25 7
145 17 45 35
146 47 14 97
147 17 3 96
148 52 5 86
149 66 66 30
150 46 26 23
151 96 84 78
152 74 96 40
153 8 43 43
154 68 13 68
155 27 30 66
156 14 77 80
157 12 95 35
158 8 99 40
159 47 17 7
160 77 63 85
161 52 11 69
162 30 85 65
163 22 45 60
164 17 65 73
165 38 93 4
166 4 7 33
167 36 19 28
168 72 80 79
169 64 27 96
170 23 4 12
171 8 56 23
172 29 39 9
173 46 13 6
174 58 31 72
175 32 69 17
176 88 25 24
177 21 61 96
178 2 85 76
179 33 50 55
180 82 25 59
181 94 34 67
182 17 15 58
183 78 62 72
184 85 20 55
185 9 4 76
186 26 44 1
187 50 18 14
188 98 72 0
189 26 5 50
190 81 87 27
191 92 81 61
192 12 51 29
193 22 29 43
194 94 66 63
195 1 75 20
196 29 1 16
197 30 4 34
198 45 2 6
199 97 81 12
200 99 14 99
201 26 7 33
202 40 71 84
203 69 93 65
204 12 40 84
205 27 93 59
206 99 23 13
207 16 53 17
208 50 50 71
209 57 99 4
210 21 98 19
211 72 25 78
212 5 17 49
213 41 86 42
214 59 50 34
215 43 77 28
216 2 29 51
217 15 45 56
218 84 95 59
219 56 4 58
220 60 77 57
221 31 50 34
222 9 7 51
223 58 49 89
224 53 60 39
225 87 3 68
226 15 5 97
227 18 73 42
228 75 9 90
229 34 17 46
230 92 78 24
231 1 61 74
232 87 71 33
233 38 29 82
234 79 34 94
235 18 22 97
236 39 89 55
237 36 8 80
238 31 83 89
239 21 69 7
240 67 13 37
241 91 15 98
242 17 2 69
243 51 93 51
244 85 24 85
245 80 95 59
246 29 34 49
247 84 70 57
248 64 1 92
249 54 74 61
250 61 94 74
251 98 37 41
252 48 55 96
253 18 58 41
254 21 95 65
255 6 75 60
256 66 5 94
257 15 41 17
258 24 6 70
259 16 12 45
260 29 73 39
261 3 23 28
262 45 71 83
263 93 41 93
264 34 62 89
265 99 21 16
266 60 39 73
267 6 54 15
268 23 30 73
269 94 98 85
270 39 27 10
271 30 82 85
272 58 79 8
273 94 72 2
274 39 6 16
275 80 58 37
276 97 18 76
277 22 76 82
278 89 0 12
279 62 94 62
280 99 85 41
281 61 67 24
282 46 77 55
283 7 23 28
284 9 63 86
285 25 43 44
286 63 92 14
287 91 15 91
288 74 56 43
289 38 19 37
290 1 70 74
291 42 32 41
292 18 78 18
293 74 37 94
294 54 46 57
295 40 72 52
296 37 87 97
297 3 78 64
298 46 52 20
299 89 43 91
300 78 44 62
301 52 38 94
302 45 57 24
303 16 83 62
304 10 37 60
305 19 29 32
306 71 18 71
307 20 74 50
308 84 72 54
309 57 62 97
310 48 92 93
311 10 97 84
312 56 42 93
313 33 58 76
314 95 20 65
315 55 39 46
316 40 11 65
317 11 83 91
318 13 68 63
319 68 25 77
320 17 25 70
321 63 88 19
322 47 44 61
323 92 77 72
324 20 24 92
325 85 32 32
326 83 72 95
327 0 35 78
328 91 49 98
329 55 17 75
330 84 86 1
331 6 49 89
332 25 48 85
333 39 40 63
334 63 60 39
335 55 97 71
336 39 81 43
337 86 81 79
338 17 25 80
339 67 80 97
340 95 16 35
341 48 23 85
342 89 48 85
343 74 87 26
344 89 50 38
345 29 58 88
346 0 49 21
347 96 88 54
348 27 57 79
349 7 24 11
350 56 71 28
351 91 19 51
352 28 8 51
353 14 83 39
354 92 72 41
355 82 53 51
356 22 54 53
357 43 2 41
358 50 29 98
359 81 36 74
360 93 92 46
361 73 83 17
362 76 64 26
363 79 78 9
364 70 22 33
365 12 4 39
366 15 27 93
367 68 22 95
368 61 72 76
369 11 54 12
370 86 99 4
371 84 24 39
372 53 52 3
373 79 31 33
374 40 2 55
375 26 66 60
376 65 81 39
377 10 50 61
378 57 11 34
379 33 23 40
380 45 61 91
381 1 97 15
382 92 50 67
383 48 82 98
384 81 22 52
385 37 48 18
386 49 13 0
387 88 75 2
388 1 32 65
389 87 65 40
390 27 10 53
391 18 63 50
392 85 56 53
393 4 4 35
394 3 37 57
395 7 26 58
396 26 75 23
397 78 15 99
398 80 17 31
399 97 56 49
400 38 36 11
401 91 54 75
402 94 92 83
403 99 96 39
404 34 51 76
405 43 59 3
406 53 37 30
407 77 15 46
408 28 47 15
409 11 44 71
410 60 34 7
411 72 78 14
412 47 72 58
413 30 23 54
414 21 57 58
415 97 52 17
416 52 6 54
417 83 83 21
418 81 63 68
419 48 74 64
420 19 35 99
421 79 7 77
422 45 6 1
423 3 88 24
424 9 9 33
425 67 58 85
426 36 11 91
427 42 46 26
428 63 27 89
429 31 75 16
430 48 46 51
431 47 77 10
432 76 22 68
433 29 77 8
434 5 39 17
435 38 58 27
436 75 47 38
437 67 89 84
438 45 53 63
439 87 36 38
440 3 36 37
441 54 83 14
442 16 11 89
443 84 40 18
444 44 45 57
445 61 35 68
446 40 63 15
447 31 82 4
448 67 27 9
449 31 14 98
450 21 17 34
451 10 23 70
452 25 91 81
453 66 27 74
454 84 71 71
455 94 84 59
456 14 25 22
457 29 56 4
458 85 75 31
459 47 6 98
460 45 80 67
461 31 90 43
462 1 67 34
463 35 33 62
464 9 70 33
465 32 16 70
466 91 30 95
467 13 59 3
468 17 96 78
469 49 43 37
470 99 40 17
471 66 72 59
472 9 25 27
473 44 12 60
474 58 73 30
475 43 6 98
476 13 97 28
477 60 11 39
478 15 28 36
479 46 29 31
480 83 28 72
481 52 47 96
482 11 56 73
483 38 52 86
484 51 62 59
485 81 6 17
486 80 71 15
487 60 84 26
488 0 99 54
489 88 97 84
490 19 80 64
491 43 32 11
492 91 96 20
493 65 34 72
494 3 85 87
495 14 19 93
496 32 51 16
497 47 11 52
498 25 63 4
499 79 51 1
