790
1 30 43 45
2 92 98 70
3 69 22 30
4 0 96 43
5 67 28 79
6 83 92 64
7 25 28 58
8 50 2 57
9 49 49 80
10 0 6 48
11 42 37 43
12 40 81 41
13 10 50 64
14 40 3 12
15 35 22 41
16 15 5 85
17 31 31 13
18 90 33 67
19 99 82 16
20 79 34 23
21 80 76 12
22 75 68 93
23 17 78 96
24 33 71 51
25 97 6 73
26 38 73 78
27 76 5 61
28 41 47 46
29 9 46 28
30 77 78 14
31 0 58 43
32 64 33 11
33 10 2 90
34 6 87 13
35 9 85 19
36 82 75 45
37 12 51 2
38 26 45 49
39 72 54 95
40 53 31 25
41 67 84 35
42 62 0 21
43 74 10 23
44 16 16 63
45 29 25 48
46 0 59 75
47 45 72 27
48 47 98 24
49 48 22 30
50 96 75 13
51 21 95 97
52 57 57 98
53 78 83 8
54 53 99 77
55 68 28 54
56 16 29 14
57 92 26 38
58 71 26 88
59 47 74 10
60 77 22 38
61 90 44 85
62 40 53 94
63 90 83 78
64 50 88 29
65 27 57 58
66 34 73 39
67 48 17 17
68 38 40 43
69 26 39 70
70 36 16 92
71 26 59 36
72 11 99 41
73 6 41 24
74 36 91 13
75 65 71 70
76 75 5 95
77 66 5 65
78 84 43 57
79 79 69 97
80 49 57 65
81 42 84 24
82 30 95 75
83 24 53 16
84 48 89 8
85 13 7 31
86 83 82 88
87 31 1 93
88 48 85 88
89 5 64 9
90 54 66 66
91 20 8 2
92 44 90 50
93 20 14 3
94 36 15 45
95 96 28 4
96 79 64 86
97 67 95 87
98 12 43 24
99 0 0 89
100 9 55 7
101 28 75 15
102 30 71 57
103 80 43 24
104 36 32 39
105 81 28 19
106 85 8 83
107 23 27 30
108 63 40 25
109 39 40 26
110 80 2 33
111 87 30 60
112 54 12 31
113 12 93 27
114 88 29 59
115 27 62 87
116 98 99 47
117 82 74 75
118 64 89 67
119 90 29 7
120 68 9 61
121 53 97 91
122 13 51 4
123 96 15 49
124 23 3 30
125 82 82 44
126 22 81 43
127 21 15 69
128 48 79 59
129 15 69 88
130 75 89 97
131 36 42 94
132 28 55 98
133 84 4 13
134 85 27 17
135 15 62 99
136 59 36 80
137 54 57 47
138 23 6 27
139 34 73 48
140 22 48 38
141 72 85 80
142 66 65 88
143 64 1 92
144 30 86 71
145 47 53 85
146 46 64 21
147 79 18 79
148 26 93 37
149 5 28 10
150 54 2 11
151 92 74 48
152 24 93 13
153 12 9 66
154 56 39 4
155 28 86 57
156 65 85 73
157 87 16 43
158 66 94 36
159 55 0 16
160 65 54 71
161 28 98 45
162 76 22 90
163 41 87 0
164 59 43 39
165 63 23 78
166 72 89 15
167 45 76 31
168 88 94 25
169 77 49 77
170 45 66 31
171 16 95 29
172 14 23 4
173 4 17 91
174 56 76 86
175 48 40 10
176 26 12 51
177 93 10 27
178 24 98 73
179 1 27 22
180 79 73 40
181 62 41 87
182 44 7 63
183 48 12 80
184 91 68 56
185 77 68 96
186 39 94 61
187 42 39 71
188 69 63 21
189 94 17 49
190 68 48 74
191 9 10 15
192 48 6 23
193 11 6 87
194 91 97 7
195 48 27 76
196 96 18 22
197 57 61 62
198 28 82 77
199 50 77 46
200 51 97 94
201 25 58 57
202 92 7 63
203 67 70 70
204 6 62 19
205 14 62 46
206 42 58 17
207 64 16 78
208 78 96 12
209 56 98 89
210 2 49 87
211 49 26 97
212 6 71 4
213 69 38 75
214 91 97 89
215 11 11 51
216 9 5 61
217 26 69 29
218 56 0 26
219 69 56 76
220 10 10 78
221 49 59 4
222 47 17 75
223 51 87 66
224 78 30 63
225 19 41 26
226 22 51 31
227 84 29 52
228 65 38 52
229 91 7 60
230 20 17 71
231 98 19 82
232 2 66 0
233 30 69 39
234 48 0 69
235 11 19 11
236 89 42 14
237 72 78 95
238 24 43 33
239 29 87 92
240 89 7 62
241 60 5 81
242 95 59 47
243 95 41 68
244 86 89 68
245 55 52 40
246 18 41 82
247 32 13 12
248 80 90 55
249 65 19 94
250 58 60 1
251 20 73 58
252 53 68 70
253 52 15 11
254 20 1 1
255 41 56 53
256 81 27 47
257 63 59 12
258 27 91 2
259 34 57 73
260 29 15 34
261 30 87 7
262 41 40 27
263 11 92 42
264 22 12 95
265 23 53 3
266 29 86 30
267 76 1 42
268 40 28 33
269 43 63 90
270 68 92 57
271 54 74 96
272 13 15 36
273 40 78 80
274 34 1 93
275 29 76 98
276 85 57 85
277 15 33 86
278 57 74 67
279 43 69 30
280 85 89 74
281 43 96 48
282 91 9 16
283 28 2 94
284 8 88 47
285 53 70 24
286 4 55 81
287 41 70 67
288 79 80 93
289 46 23 14
290 76 8 55
291 50 3 51
292 51 95 13
293 67 75 15
294 61 83 3
295 9 89 25
296 85 93 80
297 18 86 3
298 37 65 83
299 30 12 58
300 96 40 66
301 52 43 22
302 3 46 69
303 16 13 44
304 83 26 79
305 39 87 68
306 64 24 13
307 45 43 99
308 48 80 17
309 83 63 81
310 41 59 73
311 59 63 68
312 33 67 14
313 2 35 79
314 46 19 58
315 26 58 45
316 46 22 70
317 12 19 65
318 11 19 97
319 80 54 60
320 61 95 72
321 87 7 35
322 55 40 2
323 22 95 90
324 1 41 9
325 59 19 19
326 57 66 93
327 79 78 65
328 44 41 84
329 41 74 39
330 54 87 86
331 26 74 45
332 61 82 38
333 16 4 33
334 6 5 26
335 67 17 46
336 38 74 64
337 31 53 94
338 48 49 87
339 33 90 61
340 24 96 1
341 62 22 75
342 8 36 57
343 98 4 13
344 31 62 19
345 9 29 88
346 55 19 14
347 71 2 19
348 17 51 68
349 5 36 10
350 18 60 7
351 19 74 81
352 47 82 69
353 4 80 73
354 18 63 35
355 89 73 16
356 29 80 35
357 43 4 38
358 14 21 41
359 34 78 77
360 44 97 89
361 3 68 63
362 37 15 98
363 6 72 30
364 80 42 94
365 15 83 19
366 32 64 99
367 19 59 3
368 57 73 77
369 50 7 55
370 27 3 4
371 16 59 25
372 32 96 92
373 30 54 16
374 60 86 58
375 54 2 93
376 25 86 57
377 25 5 16
378 80 15 41
379 9 65 48
380 17 45 4
381 21 61 63
382 98 93 11
383 91 23 17
384 7 36 4
385 18 42 58
386 11 68 44
387 21 45 1
388 89 25 68
389 31 87 34
390 31 4 79
391 87 77 92
392 2 76 38
393 65 19 13
394 83 26 49
395 39 96 92
396 97 60 60
397 93 33 5
398 94 22 82
399 63 5 21
400 49 37 25
401 80 76 55
402 72 79 31
403 62 44 50
404 76 79 28
405 77 18 77
406 21 15 37
407 81 60 70
408 38 7 92
409 73 70 50
410 94 71 39
411 72 51 15
412 27 75 94
413 58 90 91
414 60 18 70
415 40 95 89
416 17 17 56
417 6 50 69
418 76 41 76
419 21 66 98
420 71 60 69
421 62 32 72
422 77 11 99
423 24 21 41
424 15 81 59
425 37 74 7
426 26 43 76
427 35 50 78
428 4 78 19
429 80 51 85
430 78 22 98
431 99 84 82
432 23 14 94
433 22 38 15
434 64 53 49
435 75 90 75
436 82 69 18
437 58 56 20
438 37 12 51
439 8 44 2
440 46 74 77
441 96 25 61
442 78 48 27
443 24 22 65
444 92 38 70
445 93 14 13
446 68 48 34
447 38 7 90
448 11 96 54
449 62 56 98
450 64 2 24
451 41 98 49
452 55 29 97
453 82 5 19
454 0 97 58
455 70 90 24
456 83 10 72
457 17 1 31
458 59 12 79
459 65 74 36
460 63 90 38
461 39 32 89
462 88 39 70
463 85 21 75
464 57 21 73
465 67 44 15
466 91 79 26
467 15 49 79
468 47 8 91
469 26 74 17
470 14 89 7
471 5 29 91
472 46 69 30
473 16 55 52
474 91 64 25
475 16 31 69
476 84 74 49
477 62 89 98
478 41 88 58
479 32 67 84
480 49 81 26
481 8 86 7
482 0 32 76
483 30 48 83
484 34 92 47
485 60 60 78
486 81 44 52
487 82 6 42
488 32 47 30
489 91 31 97
490 27 80 31
491 53 41 17
492 12 41 2
493 89 23 2
494 72 58 94
495 20 70 7
496 50 3 51
497 3 86 58
498 97 18 57
499 79 61 89
500 29 89 21
501 60 94 62
502 29 59 55
503 31 48 79
504 34 72 89
505 80 92 59
506 87 43 62
507 91 98 0
508 49 95 19
509 58 74 32
510 47 3 73
511 69 15 20
512 83 45 79
513 39 76 27
514 70 62 51
515 59 95 96
516 70 34 91
517 84 25 89
518 85 26 36
519 56 85 10
520 88 32 66
521 14 53 33
522 34 37 78
523 13 28 7
524 92 98 69
525 95 57 16
526 91 79 51
527 82 63 76
528 71 48 3
529 7 4 88
530 70 45 72
531 88 59 26
532 21 45 15
533 0 10 43
534 59 54 41
535 80 49 50
536 97 41 29
537 48 23 92
538 76 95 93
539 31 54 49
540 19 76 94
541 44 64 5
542 22 38 50
543 37 90 60
544 80 49 14
545 73 81 64
546 23 78 57
547 4 78 80
548 48 55 27
549 41 86 34
550 91 58 10
551 37 54 27
552 43 76 17
553 45 13 7
554 6 45 8
555 72 18 89
556 88 93 20
557 45 49 98
558 78 97 5
559 5 39 44
560 91 82 54
561 2 19 8
562 81 62 84
563 98 8 49
564 57 66 94
565 65 90 64
566 54 31 9
567 74 28 58
568 25 6 55
569 82 64 46
570 26 55 28
571 80 9 48
572 40 42 62
573 76 40 22
574 25 97 88
575 71 14 31
576 87 21 62
577 96 47 42
578 6 72 1
579 14 55 65
580 60 33 72
581 41 66 34
582 41 58 76
583 3 35 69
584 26 12 18
585 66 84 33
586 97 23 6
587 11 20 53
588 54 78 78
589 55 92 85
590 72 5 18
591 96 98 36
592 82 39 95
593 11 42 30
594 32 68 42
595 50 87 78
596 35 84 2
597 41 48 74
598 47 54 52
599 25 61 97
600 10 85 54
601 28 81 52
602 17 64 91
603 12 27 85
604 42 59 6
605 36 9 93
606 67 97 29
607 69 90 77
608 95 37 83
609 47 62 44
610 96 72 29
611 50 53 63
612 54 70 79
613 45 34 6
614 31 76 65
615 37 64 26
616 82 31 23
617 11 52 14
618 41 47 3
619 24 47 66
620 69 95 90
621 50 98 95
622 13 52 65
623 92 50 99
624 98 81 27
625 15 70 44
626 42 52 27
627 65 15 80
628 31 56 79
629 35 81 78
630 1 2 74
631 43 4 72
632 39 18 24
633 56 62 26
634 8 13 7
635 87 28 29
636 31 70 33
637 11 88 49
638 43 19 5
639 22 54 38
640 53 7 92
641 27 51 97
642 51 42 67
643 27 50 29
644 54 58 94
645 13 46 23
646 43 29 45
647 28 40 33
648 77 35 53
649 35 10 59
650 25 63 67
651 18 90 70
652 15 93 64
653 34 20 14
654 63 74 73
655 58 88 71
656 33 83 52
657 78 63 45
658 64 93 80
659 17 28 90
660 28 5 53
661 95 75 95
662 17 90 88
663 33 24 61
664 48 40 35
665 73 50 75
666 44 83 10
667 48 13 74
668 93 77 67
669 26 46 47
670 16 75 4
671 22 22 80
672 69 92 22
673 10 25 99
674 71 25 39
675 58 98 41
676 86 94 76
677 96 43 41
678 22 88 19
679 41 14 17
680 40 83 44
681 45 5 19
682 77 74 11
683 99 84 88
684 98 7 14
685 89 66 64
686 30 52 59
687 58 0 54
688 0 75 42
689 19 16 9
690 88 9 92
691 33 6 49
692 4 83 75
693 15 82 12
694 55 33 19
695 69 22 37
696 86 5 89
697 45 63 42
698 51 63 17
699 93 34 85
700 54 75 46
701 46 8 52
702 95 12 35
703 23 79 70
704 35 34 3
705 54 56 77
706 92 42 82
707 33 39 46
708 27 90 61
709 96 35 96
710 34 42 71
711 80 88 31
712 85 36 95
713 20 59 26
714 42 94 12
715 45 0 20
716 23 44 14
717 57 78 53
718 55 5 95
719 17 2 83
720 65 88 25
721 88 68 65
722 71 53 1
723 18 26 12
724 44 68 58
725 8 66 59
726 29 89 3
727 43 98 33
728 49 54 91
729 44 71 45
730 27 36 33
731 4 76 53
732 70 47 7
733 71 65 85
734 36 61 53
735 94 69 19
736 5 98 60
737 9 94 11
738 94 43 65
739 85 87 36
740 82 67 24
741 15 71 0
742 69 41 99
743 28 65 64
744 13 1 77
745 66 47 46
746 38 53 97
747 50 14 91
748 61 8 86
749 78 46 73
750 14 28 92
751 90 96 16
752 42 65 57
753 41 93 74
754 57 58 27
755 34 76 75
756 33 66 80
757 82 17 94
758 73 30 54
759 11 9 52
760 84 75 33
761 29 66 29
762 45 60 46
763 54 2 39
764 29 11 49
765 56 98 25
766 83 83 92
767 63 65 61
768 9 90 91
769 16 1 52
770 68 37 80
771 1 66 98
772 30 63 58
773 76 18 12
774 67 47 24
775 16 55 74
776 94 91 57
777 86 6 74
778 47 16 64
779 38 32 65
780 43 0 54
781 23 54 73
782 21 36 36
783 79 65 54
784 44 32 53
785 68 1 61
786 94 95 52
787 51 33 58
788 25 80 26
789 41 70 58
790 58 13 11
