346
1 60 75 83
2 9 54 74
3 16 49 62
4 55 95 26
5 79 97 50
6 69 76 37
7 42 88 12
8 71 43 84
9 76 63 87
10 4 72 57
11 2 85 33
12 37 94 39
13 12 10 40
14 26 18 35
15 5 97 85
16 55 19 61
17 92 13 2
18 57 84 45
19 93 60 8
20 80 16 33
21 90 19 18
22 75 56 12
23 66 20 74
24 6 47 44
25 42 52 42
26 79 59 13
27 40 4 26
28 42 61 11
29 40 54 71
30 48 86 88
31 33 28 59
32 51 55 15
33 15 21 88
34 42 28 35
35 86 22 39
36 28 1 50
37 41 93 54
38 20 36 15
39 31 28 21
40 2 28 60
41 42 62 40
42 1 65 96
43 69 81 69
44 57 23 49
45 44 9 71
46 35 90 24
47 85 83 70
48 92 3 58
49 59 34 86
50 33 89 14
51 93 83 28
52 85 85 94
53 33 54 27
54 3 63 2
55 52 59 63
56 76 94 53
57 52 31 89
58 22 23 44
59 80 83 79
60 66 16 20
61 33 61 3
62 61 98 40
63 7 32 46
64 34 87 9
65 36 39 68
66 0 67 14
67 5 72 98
68 46 94 21
69 91 27 56
70 22 45 24
71 94 78 37
72 97 92 36
73 38 99 68
74 84 34 7
75 46 22 46
76 66 74 66
77 33 32 38
78 31 78 84
79 4 21 11
80 61 43 57
81 37 37 87
82 75 87 79
83 11 77 79
84 31 13 65
85 38 59 39
86 36 78 14
87 54 11 98
88 92 94 28
89 29 98 50
90 40 11 45
91 97 49 83
92 85 76 22
93 16 39 99
94 95 22 64
95 12 12 76
96 52 0 54
97 18 55 17
98 16 99 11
99 44 28 61
100 94 21 73
101 40 70 74
102 75 55 2
103 49 24 41
104 48 19 63
105 12 84 27
106 40 88 27
107 94 6 34
108 11 22 34
109 74 18 14
110 36 65 35
111 61 57 6
112 35 84 13
113 37 33 37
114 30 33 9
115 45 45 45
116 72 38 33
117 51 32 39
118 86 96 13
119 72 22 83
120 86 58 48
121 74 19 57
122 32 6 41
123 45 95 74
124 35 25 7
125 96 70 5
126 41 94 43
127 26 46 27
128 65 32 23
129 30 4 46
130 13 42 56
131 14 16 28
132 71 0 34
133 13 46 30
134 87 33 7
135 47 81 30
136 52 74 24
137 95 0 22
138 74 65 54
139 98 47 10
140 96 60 5
141 4 26 73
142 32 98 74
143 19 11 72
144 1 50 5
145 8 97 38
146 38 49 12
147 15 96 12
148 37 23 29
149 44 21 76
150 54 69 88
151 11 73 15
152 85 58 13
153 59 77 76
154 31 30 26
155 88 38 76
156 26 29 77
157 90 44 26
158 2 33 49
159 31 77 22
160 59 84 91
161 99 95 16
162 14 80 26
163 79 91 55
164 7 74 85
165 34 14 76
166 62 40 57
167 39 82 1
168 65 84 34
169 14 67 64
170 36 78 48
171 79 78 43
172 48 44 76
173 74 24 67
174 30 83 94
175 67 17 8
176 43 79 1
177 0 71 83
178 53 36 68
179 40 51 87
180 4 39 66
181 4 19 96
182 47 19 40
183 75 93 16
184 95 75 0
185 89 43 69
186 97 38 1
187 98 91 72
188 82 96 8
189 2 36 11
190 89 92 3
191 7 96 74
192 55 96 93
193 96 71 38
194 64 66 14
195 16 7 9
196 86 5 99
197 39 3 90
198 11 37 39
199 71 39 75
200 35 81 20
201 38 40 68
202 12 96 64
203 5 44 88
204 43 60 6
205 9 77 14
206 18 15 71
207 70 54 26
208 60 65 64
209 99 88 55
210 27 23 36
211 99 61 29
212 67 73 25
213 84 30 21
214 24 26 81
215 30 87 10
216 96 58 25
217 67 28 79
218 94 40 96
219 10 92 85
220 65 19 8
221 2 70 22
222 83 37 47
223 60 73 78
224 81 97 56
225 14 28 43
226 77 76 1
227 2 44 29
228 34 90 22
229 82 0 14
230 67 65 85
231 28 19 55
232 50 2 44
233 97 14 18
234 27 95 15
235 35 62 95
236 31 39 72
237 84 93 68
238 66 79 58
239 88 62 10
240 2 29 27
241 87 9 47
242 42 11 1
243 86 61 16
244 56 88 63
245 72 76 77
246 19 7 68
247 43 91 62
248 11 57 41
249 21 45 3
250 83 47 85
251 11 34 46
252 10 28 58
253 11 67 19
254 79 23 59
255 95 47 35
256 72 19 42
257 93 62 86
258 55 26 43
259 48 47 89
260 4 83 88
261 89 94 75
262 87 4 55
263 45 67 22
264 16 99 98
265 76 94 97
266 11 18 16
267 6 11 79
268 92 18 57
269 35 67 56
270 76 71 39
271 17 12 33
272 92 51 89
273 47 97 57
274 22 13 56
275 20 41 2
276 17 53 20
277 86 11 32
278 17 3 2
279 74 90 69
280 30 67 92
281 70 84 56
282 55 28 8
283 45 27 57
284 54 49 22
285 10 21 64
286 12 91 17
287 84 77 28
288 68 94 83
289 71 68 73
290 92 98 92
291 37 20 28
292 93 28 8
293 53 73 36
294 10 79 37
295 33 89 59
296 97 53 50
297 66 37 27
298 46 6 21
299 29 29 41
300 54 21 91
301 47 58 64
302 27 4 92
303 36 57 17
304 72 20 96
305 9 5 37
306 68 2 90
307 70 20 79
308 49 66 37
309 70 47 18
310 63 1 40
311 55 0 50
312 19 28 6
313 63 64 64
314 80 88 36
315 76 97 41
316 65 18 95
317 7 40 67
318 86 90 85
319 76 12 32
320 94 76 85
321 86 83 38
322 37 2 66
323 95 65 82
324 11 97 70
325 47 25 19
326 40 90 89
327 35 97 30
328 54 35 72
329 39 11 84
330 23 58 60
331 61 44 95
332 99 33 97
333 17 29 14
334 99 40 63
335 21 40 88
336 92 80 78
337 82 68 75
338 64 22 11
339 36 14 74
340 72 37 32
341 85 98 29
342 80 97 62
343 30 14 43
344 96 65 84
345 60 38 24
346 48 31 4
