946
1 14 6 72
2 55 32 61
3 30 17 34
4 18 0 89
5 47 71 32
6 26 4 94
7 10 68 31
8 55 32 90
9 61 73 55
10 61 66 34
11 8 80 92
12 80 35 25
13 93 17 94
14 28 87 94
15 69 34 65
16 1 13 21
17 48 75 89
18 79 31 21
19 69 92 46
20 77 5 12
21 11 13 44
22 55 45 31
23 80 91 48
24 26 71 87
25 20 40 74
26 37 42 87
27 58 90 62
28 0 21 93
29 73 90 37
30 20 19 95
31 84 82 8
32 29 38 6
33 60 70 97
34 61 97 68
35 48 69 8
36 74 7 2
37 61 17 44
38 24 17 65
39 69 43 8
40 59 15 79
41 54 99 62
42 14 80 0
43 20 41 22
44 69 54 71
45 37 54 41
46 98 29 48
47 52 90 65
48 97 14 35
49 14 36 78
50 74 95 45
51 54 49 96
52 16 63 77
53 68 36 70
54 42 5 24
55 14 95 78
56 55 93 59
57 3 45 50
58 68 94 16
59 55 61 52
60 85 35 99
61 30 41 0
62 27 9 64
63 56 77 52
64 26 72 57
65 2 86 52
66 32 41 97
67 92 44 95
68 42 64 89
69 58 72 50
70 63 57 38
71 62 88 31
72 63 67 41
73 79 23 70
74 83 1 42
75 92 3 28
76 45 35 21
77 94 27 65
78 89 21 82
79 79 32 54
80 81 95 11
81 71 9 51
82 3 24 18
83 96 55 93
84 66 38 94
85 61 31 97
86 41 28 33
87 63 22 12
88 80 64 34
89 62 95 66
90 68 76 13
91 32 0 74
92 83 55 99
93 54 51 6
94 47 69 45
95 94 82 28
96 91 24 8
97 76 87 82
98 41 67 46
99 27 82 41
100 93 50 70
101 58 82 22
102 32 18 77
103 83 24 80
104 42 23 49
105 87 17 84
106 67 61 8
107 75 37 95
108 57 30 14
109 56 57 96
110 97 2 47
111 19 60 81
112 41 45 51
113 18 80 75
114 50 22 99
115 0 61 16
116 36 80 77
117 44 55 67
118 39 65 49
119 5 21 7
120 2 70 9
121 1 90 22
122 34 31 19
123 86 2 99
124 61 52 22
125 12 4 35
126 81 40 16
127 10 84 23
128 77 75 88
129 79 81 9
130 86 83 80
131 47 84 22
132 69 18 53
133 88 56 55
134 88 70 8
135 62 82 12
136 49 63 53
137 65 74 37
138 89 3 65
139 77 82 46
140 39 20 81
141 71 68 17
142 93 37 35
143 98 78 44
144 54 18 14
145 14 32 96
146 78 81 12
147 31 99 38
148 21 88 93
149 86 17 76
150 84 8 48
151 65 31 16
152 82 76 6
153 69 75 36
154 13 81 54
155 79 47 38
156 76 25 19
157 40 9 18
158 78 30 58
159 23 68 28
160 99 4 88
161 48 69 20
162 16 3 96
163 22 72 23
164 58 38 56
165 64 17 3
166 2 45 29
167 74 37 90
168 44 15 72
169 3 39 40
170 83 90 96
171 71 90 65
172 43 59 20
173 92 33 92
174 15 44 82
175 24 8 0
176 27 63 97
177 8 37 35
178 98 81 2
179 70 36 93
180 62 19 36
181 10 91 26
182 27 34 85
183 47 26 71
184 92 94 15
185 74 18 23
186 26 97 86
187 76 58 23
188 11 8 57
189 65 31 93
190 59 45 13
191 95 56 56
192 73 83 42
193 11 31 21
194 82 75 15
195 97 49 85
196 72 28 34
197 59 4 92
198 34 67 1
199 43 32 84
200 37 43 29
201 2 38 85
202 58 64 21
203 0 75 52
204 21 9 27
205 88 6 28
206 25 78 8
207 60 89 64
208 52 76 83
209 5 19 16
210 89 56 11
211 19 58 50
212 56 68 66
213 77 21 41
214 81 94 50
215 60 83 8
216 89 8 38
217 49 20 28
218 66 73 56
219 49 30 75
220 17 20 84
221 29 91 42
222 31 47 63
223 97 25 84
224 90 6 30
225 92 67 13
226 0 8 74
227 38 9 94
228 18 75 19
229 74 25 50
230 50 42 70
231 86 71 13
232 28 54 60
233 43 51 85
234 79 41 44
235 10 85 63
236 75 85 23
237 49 76 32
238 96 46 8
239 67 21 85
240 17 23 27
241 39 9 51
242 52 89 5
243 65 85 9
244 2 64 2
245 46 74 88
246 61 50 25
247 84 51 1
248 17 47 48
249 77 67 21
250 62 84 44
251 41 76 5
252 44 80 46
253 2 45 31
254 11 48 96
255 65 94 70
256 53 8 72
257 79 92 24
258 32 61 23
259 32 90 90
260 53 4 27
261 49 46 3
262 54 42 83
263 1 44 81
264 32 7 29
265 80 73 75
266 51 78 83
267 23 9 28
268 99 42 41
269 23 74 32
270 13 28 36
271 40 77 34
272 95 84 77
273 31 85 73
274 12 69 81
275 41 50 54
276 68 53 84
277 52 28 94
278 32 28 36
279 73 51 62
280 5 16 42
281 94 9 72
282 28 4 56
283 57 87 93
284 83 99 14
285 64 92 16
286 70 61 69
287 54 65 50
288 48 97 30
289 36 70 33
290 51 28 49
291 93 22 58
292 65 2 15
293 21 12 2
294 66 95 54
295 81 11 98
296 97 81 59
297 19 87 76
298 21 88 25
299 51 76 48
300 84 27 76
301 85 21 50
302 96 38 52
303 11 60 16
304 65 78 11
305 71 59 22
306 70 9 55
307 81 28 43
308 58 49 83
309 35 52 59
310 83 36 87
311 59 73 60
312 9 69 98
313 14 32 10
314 30 98 89
315 94 21 48
316 68 91 57
317 24 73 37
318 19 83 38
319 2 18 90
320 13 2 78
321 52 13 52
322 12 23 21
323 11 89 54
324 73 19 4
325 62 65 25
326 63 34 69
327 72 58 42
328 10 29 77
329 0 83 95
330 91 96 49
331 21 49 63
332 73 61 38
333 47 24 27
334 1 98 98
335 57 12 64
336 34 75 98
337 3 48 8
338 97 10 89
339 74 10 72
340 70 53 68
341 19 75 69
342 34 48 83
343 72 95 7
344 99 48 57
345 50 57 70
346 14 92 45
347 64 95 45
348 24 93 55
349 13 67 66
350 85 89 71
351 5 61 46
352 75 95 47
353 58 68 42
354 17 19 43
355 75 69 0
356 97 83 44
357 42 99 40
358 40 23 85
359 95 88 4
360 13 73 46
361 85 79 7
362 83 6 54
363 30 64 74
364 25 33 94
365 68 8 63
366 20 5 99
367 65 0 50
368 57 40 74
369 42 87 62
370 98 53 88
371 44 90 19
372 3 73 77
373 58 4 41
374 84 81 74
375 78 1 35
376 94 21 92
377 93 86 44
378 43 95 84
379 69 89 24
380 84 88 29
381 24 84 19
382 43 40 44
383 20 98 0
384 13 34 81
385 39 13 82
386 26 7 4
387 19 52 42
388 63 47 38
389 0 17 79
390 76 53 67
391 5 77 4
392 24 72 44
393 20 44 94
394 21 57 28
395 2 48 41
396 85 27 0
397 41 46 52
398 35 61 0
399 25 13 69
400 5 89 22
401 24 94 51
402 28 70 75
403 72 91 19
404 66 64 28
405 95 66 76
406 88 3 3
407 89 44 1
408 41 80 15
409 93 5 28
410 14 62 18
411 36 87 64
412 39 15 87
413 14 88 30
414 33 6 94
415 13 53 12
416 42 42 16
417 45 83 60
418 99 76 92
419 14 70 50
420 94 84 12
421 12 73 51
422 29 64 67
423 68 79 7
424 98 64 65
425 44 78 19
426 56 72 13
427 72 69 96
428 85 68 72
429 77 34 94
430 79 29 79
431 44 93 4
432 95 22 68
433 14 90 99
434 73 40 16
435 39 84 46
436 10 41 18
437 23 65 87
438 19 50 8
439 43 80 42
440 38 11 23
441 69 55 17
442 25 3 91
443 45 17 34
444 97 43 74
445 13 34 11
446 11 44 4
447 81 67 69
448 20 38 72
449 28 33 52
450 23 71 63
451 98 92 71
452 67 17 74
453 59 15 43
454 45 12 38
455 19 77 72
456 82 40 16
457 86 21 35
458 8 41 25
459 80 22 59
460 84 97 82
461 99 95 75
462 70 63 44
463 96 74 11
464 92 19 23
465 30 90 0
466 55 73 40
467 71 11 13
468 59 71 7
469 84 51 29
470 43 87 78
471 26 39 73
472 53 61 88
473 49 58 62
474 61 2 33
475 36 84 24
476 89 39 97
477 81 63 60
478 95 22 32
479 2 6 35
480 83 50 75
481 61 28 14
482 86 33 75
483 75 34 85
484 89 47 87
485 23 84 72
486 47 73 63
487 96 6 26
488 8 1 48
489 40 55 55
490 28 38 57
491 3 99 37
492 17 86 22
493 44 13 56
494 30 2 56
495 69 25 40
496 93 24 65
497 57 20 71
498 83 81 25
499 84 21 80
500 91 1 19
501 0 4 70
502 37 73 56
503 11 70 69
504 19 0 24
505 75 69 1
506 15 63 26
507 32 72 98
508 4 7 79
509 29 91 53
510 61 34 54
511 80 34 11
512 51 23 36
513 59 34 6
514 81 54 58
515 5 81 28
516 6 97 43
517 84 81 15
518 83 37 22
519 14 18 66
520 67 80 0
521 22 60 35
522 85 63 10
523 21 23 97
524 80 4 51
525 38 61 84
526 18 19 81
527 61 4 15
528 28 39 52
529 51 53 71
530 17 73 51
531 69 47 63
532 56 32 27
533 67 5 2
534 64 85 6
535 67 76 19
536 51 94 38
537 85 56 94
538 0 36 85
539 52 87 39
540 75 56 12
541 78 78 11
542 42 34 43
543 21 1 0
544 23 17 86
545 81 84 14
546 0 88 8
547 90 73 16
548 37 73 53
549 22 77 92
550 13 5 1
551 77 83 79
552 88 77 13
553 83 98 67
554 84 21 84
555 70 2 21
556 36 54 9
557 44 97 82
558 61 34 7
559 66 56 36
560 58 22 93
561 59 99 77
562 38 88 54
563 4 71 53
564 23 7 26
565 7 29 81
566 80 65 35
567 89 10 32
568 23 23 18
569 82 89 75
570 71 99 49
571 64 11 48
572 41 49 88
573 48 5 12
574 53 28 19
575 79 88 49
576 60 68 14
577 48 10 24
578 32 33 99
579 51 68 40
580 78 39 40
581 27 3 51
582 75 97 52
583 16 45 58
584 28 50 38
585 47 29 26
586 48 42 47
587 63 42 57
588 39 74 42
589 91 77 10
590 31 55 49
591 71 82 5
592 22 10 54
593 27 78 99
594 37 6 1
595 27 5 82
596 54 54 76
597 53 69 18
598 62 60 45
599 4 51 22
600 15 83 30
601 16 54 64
602 73 29 74
603 27 8 4
604 78 45 10
605 79 72 68
606 62 78 74
607 38 83 43
608 9 45 55
609 6 50 7
610 28 17 90
611 58 85 96
612 75 59 77
613 1 38 85
614 6 69 30
615 68 48 55
616 36 62 85
617 62 53 69
618 5 14 14
619 61 20 64
620 20 0 33
621 10 11 19
622 6 86 30
623 36 87 20
624 21 93 89
625 4 62 90
626 11 50 4
627 96 13 9
628 65 70 23
629 32 83 43
630 48 3 96
631 82 65 7
632 53 24 93
633 35 60 32
634 55 81 26
635 45 37 40
636 87 48 90
637 91 45 55
638 1 62 26
639 24 94 61
640 20 43 65
641 16 25 30
642 75 78 6
643 68 13 66
644 0 20 0
645 78 65 37
646 70 52 86
647 13 96 83
648 68 97 45
649 46 73 40
650 8 45 83
651 25 13 60
652 7 88 90
653 14 8 55
654 80 61 75
655 80 39 93
656 70 10 97
657 56 23 93
658 91 43 42
659 36 90 16
660 28 50 61
661 11 75 27
662 23 82 15
663 13 48 24
664 20 29 85
665 96 61 76
666 41 31 38
667 38 39 13
668 84 30 57
669 26 19 99
670 94 47 1
671 8 11 76
672 35 34 10
673 2 0 59
674 78 20 40
675 15 68 1
676 92 9 85
677 82 0 76
678 96 36 59
679 5 14 78
680 56 61 25
681 57 69 36
682 85 56 23
683 47 10 23
684 6 89 95
685 46 4 16
686 0 48 77
687 37 83 77
688 13 31 65
689 72 36 80
690 2 44 41
691 80 53 62
692 16 38 70
693 91 85 80
694 66 44 69
695 62 42 74
696 30 94 74
697 7 31 57
698 37 97 88
699 2 21 76
700 82 24 72
701 75 4 25
702 37 72 15
703 7 64 53
704 88 82 97
705 9 96 91
706 35 26 86
707 10 34 17
708 19 71 66
709 8 73 88
710 36 8 12
711 9 35 68
712 86 73 92
713 2 32 8
714 55 72 91
715 4 34 87
716 47 69 66
717 33 31 52
718 3 51 23
719 69 11 48
720 57 47 8
721 21 8 44
722 41 95 69
723 34 97 1
724 42 4 26
725 85 60 60
726 25 7 29
727 91 41 61
728 95 96 64
729 18 65 75
730 18 75 74
731 27 48 83
732 23 42 30
733 92 76 27
734 45 70 83
735 71 8 43
736 83 33 50
737 65 76 43
738 78 71 39
739 42 41 57
740 69 11 32
741 95 90 32
742 78 13 74
743 8 5 2
744 87 3 73
745 22 26 33
746 65 10 66
747 68 75 94
748 63 5 17
749 3 47 58
750 12 68 69
751 44 63 60
752 28 94 25
753 3 54 83
754 5 42 86
755 30 64 12
756 63 82 22
757 81 50 49
758 27 65 6
759 44 68 53
760 54 80 73
761 76 76 37
762 36 5 83
763 13 60 37
764 96 17 31
765 82 48 48
766 95 63 30
767 69 45 32
768 71 72 97
769 77 69 18
770 83 23 50
771 8 99 27
772 97 87 84
773 80 1 96
774 18 49 13
775 49 32 61
776 97 79 25
777 79 0 22
778 11 23 46
779 61 1 67
780 79 36 91
781 29 96 42
782 8 94 82
783 44 74 35
784 40 92 84
785 54 42 16
786 67 91 47
787 44 71 48
788 18 34 71
789 65 95 24
790 32 26 12
791 75 56 9
792 70 16 3
793 52 13 29
794 87 53 22
795 23 59 16
796 40 27 7
797 39 71 78
798 39 90 13
799 11 7 8
800 87 91 87
801 52 19 95
802 13 89 11
803 68 93 24
804 97 80 30
805 19 3 89
806 35 95 16
807 95 87 40
808 73 26 82
809 38 89 41
810 99 29 84
811 86 81 3
812 81 46 44
813 44 14 37
814 69 11 69
815 51 83 25
816 40 70 72
817 9 65 59
818 49 91 86
819 83 29 27
820 76 28 56
821 60 66 37
822 64 47 83
823 8 92 49
824 98 13 61
825 67 64 96
826 44 4 66
827 17 65 32
828 28 66 23
829 14 49 52
830 42 25 33
831 98 86 99
832 88 2 99
833 23 62 43
834 73 60 56
835 86 80 72
836 82 24 28
837 48 93 94
838 32 22 60
839 55 88 62
840 60 30 87
841 93 81 25
842 44 21 79
843 95 96 42
844 38 69 54
845 94 7 34
846 66 89 11
847 95 90 4
848 41 22 78
849 1 78 67
850 63 90 49
851 3 35 82
852 28 79 3
853 60 75 52
854 2 13 21
855 56 60 81
856 43 78 70
857 6 25 60
858 10 66 35
859 41 20 13
860 8 83 3
861 57 86 38
862 40 67 69
863 95 27 96
864 47 81 62
865 21 89 74
866 2 32 52
867 24 90 30
868 37 53 48
869 72 94 68
870 37 2 4
871 40 11 42
872 30 51 61
873 51 99 88
874 48 46 21
875 10 19 11
876 84 73 95
877 88 98 38
878 70 35 91
879 19 59 85
880 39 96 87
881 43 88 98
882 86 18 2
883 47 69 1
884 88 69 99
885 9 31 19
886 72 67 92
887 20 56 42
888 58 78 29
889 49 97 88
890 86 37 36
891 25 80 24
892 75 18 42
893 77 66 64
894 30 6 33
895 30 67 65
896 1 92 32
897 45 12 40
898 40 22 19
899 69 23 68
900 10 9 5
901 46 34 38
902 71 9 8
903 65 39 74
904 29 69 32
905 15 51 0
906 32 4 92
907 64 2 56
908 57 42 78
909 28 11 1
910 96 21 62
911 54 20 96
912 44 91 57
913 52 56 48
914 79 38 70
915 11 53 21
916 63 85 78
917 55 1 80
918 63 10 22
919 41 38 85
920 94 35 59
921 8 41 79
922 4 85 22
923 14 89 30
924 62 20 68
925 32 32 21
926 6 47 58
927 36 55 12
928 16 18 22
929 90 12 61
930 27 58 48
931 38 67 89
932 69 23 26
933 91 37 67
934 22 52 88
935 42 36 72
936 64 42 19
937 74 78 74
938 86 46 45
939 9 88 57
940 22 16 15
941 70 54 82
942 11 24 58
943 89 67 47
944 56 89 99
945 44 32 36
946 68 48 30
