806
1 48 56 48
2 50 23 4
3 65 78 55
4 50 8 18
5 17 62 41
6 99 0 59
7 99 19 69
8 51 7 25
9 13 21 45
10 41 51 9
11 47 99 17
12 48 1 41
13 52 67 71
14 7 69 79
15 78 38 94
16 19 37 46
17 30 88 65
18 99 91 25
19 77 4 46
20 74 46 97
21 83 45 49
22 1 45 2
23 94 98 21
24 17 57 90
25 49 35 28
26 95 54 18
27 41 37 58
28 58 36 50
29 83 65 54
30 29 39 52
31 79 75 50
32 80 28 47
33 82 22 45
34 4 91 55
35 46 40 42
36 27 35 49
37 45 76 86
38 55 35 74
39 5 18 40
40 12 0 31
41 16 31 58
42 18 11 86
43 66 45 60
44 63 1 52
45 18 48 92
46 13 75 28
47 62 72 56
48 0 27 43
49 74 85 14
50 66 49 14
51 98 65 97
52 56 36 60
53 95 2 5
54 55 65 59
55 7 36 59
56 0 1 34
57 80 15 58
58 36 15 37
59 80 89 22
60 46 56 71
61 60 6 89
62 9 14 25
63 69 9 79
64 26 65 96
65 85 72 84
66 44 24 85
67 30 56 0
68 88 93 67
69 78 25 57
70 0 71 65
71 24 83 23
72 65 92 37
73 42 13 47
74 21 39 64
75 17 25 36
76 54 21 13
77 39 52 69
78 92 92 14
79 59 70 91
80 68 23 14
81 85 99 49
82 8 64 93
83 46 6 6
84 93 79 46
85 9 48 23
86 97 2 44
87 10 94 48
88 32 38 41
89 98 49 63
90 90 18 86
91 56 3 37
92 6 12 1
93 51 58 59
94 58 3 38
95 56 12 87
96 31 61 41
97 27 72 87
98 76 56 25
99 69 54 75
100 32 96 45
101 71 53 48
102 8 11 12
103 10 62 22
104 21 72 77
105 60 28 41
106 99 11 3
107 92 39 75
108 80 15 83
109 57 84 37
110 32 68 86
111 77 39 39
112 78 48 2
113 90 10 64
114 65 31 89
115 42 43 17
116 84 94 81
117 87 87 20
118 14 19 87
119 97 76 23
120 86 9 91
121 72 38 31
122 63 68 31
123 17 11 41
124 34 76 24
125 23 18 20
126 92 2 14
127 73 41 53
128 45 55 72
129 32 4 49
130 55 91 10
131 47 15 0
132 30 31 69
133 61 48 80
134 54 82 56
135 30 57 26
136 50 50 29
137 65 23 70
138 18 69 78
139 91 53 82
140 92 9 25
141 2 8 93
142 54 38 24
143 23 51 24
144 55 57 7
145 63 87 16
146 90 38 66
147 71 55 42
148 93 73 63
149 71 16 16
150 6 8 77
151 83 62 85
152 76 17 75
153 0 92 78
154 25 48 35
155 84 63 23
156 0 53 13
157 19 76 68
158 61 70 93
159 24 93 10
160 92 51 70
161 70 35 33
162 7 11 2
163 35 64 46
164 13 41 46
165 49 25 10
166 24 77 15
167 37 96 92
168 57 9 14
169 50 85 59
170 12 30 11
171 83 52 46
172 68 59 9
173 70 94 73
174 68 8 14
175 15 9 91
176 25 33 69
177 40 22 17
178 84 79 79
179 50 29 16
180 10 42 46
181 21 77 98
182 19 45 58
183 28 67 4
184 54 35 64
185 68 50 73
186 60 75 6
187 81 68 28
188 50 4 59
189 81 55 89
190 98 17 83
191 44 90 60
192 43 61 5
193 53 89 24
194 9 43 59
195 74 64 10
196 47 76 37
197 6 9 57
198 86 59 14
199 46 41 21
200 87 91 38
201 70 35 28
202 30 30 89
203 87 35 30
204 11 97 26
205 70 71 42
206 32 70 18
207 22 28 27
208 31 15 86
209 45 13 79
210 66 0 70
211 56 70 58
212 84 52 40
213 25 39 76
214 8 2 73
215 34 72 96
216 76 57 18
217 46 31 47
218 73 62 14
219 11 60 27
220 43 26 79
221 65 83 49
222 23 19 53
223 16 97 92
224 92 5 94
225 17 91 18
226 65 19 27
227 83 65 10
228 82 90 73
229 96 1 33
230 75 44 11
231 54 10 46
232 3 85 66
233 56 1 15
234 0 45 20
235 46 14 63
236 17 79 82
237 96 15 99
238 7 97 89
239 32 94 90
240 65 69 87
241 28 76 49
242 75 79 34
243 93 88 88
244 8 40 33
245 28 39 0
246 43 8 79
247 25 4 46
248 24 63 44
249 65 95 90
250 7 12 11
251 94 41 87
252 95 68 19
253 82 61 59
254 70 69 51
255 55 49 90
256 55 44 98
257 87 69 55
258 33 45 18
259 29 62 66
260 19 69 78
261 83 16 71
262 22 11 39
263 41 93 0
264 52 63 21
265 4 19 22
266 94 26 66
267 45 13 87
268 52 47 32
269 22 76 46
270 88 48 16
271 19 83 32
272 90 5 43
273 30 99 89
274 82 51 52
275 56 55 23
276 78 2 50
277 97 99 15
278 84 51 62
279 69 25 91
280 15 66 39
281 31 85 74
282 15 75 79
283 11 57 78
284 0 40 30
285 4 96 37
286 80 26 39
287 82 23 38
288 97 8 41
289 12 29 67
290 3 44 33
291 94 28 70
292 68 95 97
293 47 6 55
294 78 6 47
295 8 11 43
296 45 43 21
297 37 25 45
298 75 22 5
299 69 34 34
300 36 89 30
301 21 83 10
302 43 51 6
303 40 51 12
304 95 29 71
305 42 89 34
306 37 86 77
307 59 23 2
308 56 99 24
309 61 68 11
310 47 56 0
311 29 29 36
312 40 72 39
313 98 64 90
314 62 60 71
315 33 54 12
316 67 44 99
317 44 55 22
318 46 11 73
319 23 24 41
320 86 23 49
321 86 52 30
322 22 44 2
323 14 42 67
324 4 5 79
325 28 38 85
326 40 58 29
327 39 2 36
328 14 1 47
329 87 76 23
330 81 62 46
331 30 0 99
332 13 75 95
333 15 89 38
334 34 45 95
335 65 73 85
336 51 66 43
337 32 5 98
338 21 19 99
339 68 59 27
340 44 40 41
341 90 22 41
342 41 35 16
343 37 3 57
344 75 37 3
345 22 55 28
346 7 58 94
347 51 42 52
348 49 63 71
349 0 84 82
350 79 28 22
351 20 18 45
352 61 60 32
353 30 49 35
354 87 24 25
355 42 46 80
356 71 5 38
357 65 56 32
358 69 57 96
359 93 9 80
360 75 88 60
361 98 60 30
362 95 22 42
363 27 4 91
364 63 43 67
365 88 38 13
366 20 9 71
367 10 26 27
368 42 96 37
369 90 89 98
370 22 16 39
371 82 14 99
372 13 61 73
373 55 89 77
374 99 4 73
375 66 44 11
376 32 64 72
377 3 26 50
378 30 68 98
379 19 11 87
380 18 33 4
381 57 16 70
382 8 81 32
383 82 88 73
384 11 87 77
385 84 54 73
386 47 86 37
387 19 89 15
388 70 71 35
389 68 43 46
390 8 61 80
391 64 70 48
392 86 78 81
393 18 60 69
394 43 72 9
395 20 8 15
396 93 56 1
397 82 27 42
398 97 97 65
399 85 18 8
400 31 26 69
401 63 42 91
402 63 28 22
403 44 99 34
404 66 42 6
405 75 15 67
406 42 8 75
407 43 43 2
408 37 92 0
409 2 77 70
410 11 9 48
411 32 24 90
412 76 88 70
413 98 32 69
414 32 50 64
415 91 25 79
416 58 67 39
417 33 62 82
418 35 51 75
419 87 54 4
420 57 17 13
421 5 1 38
422 47 77 78
423 18 27 10
424 39 60 61
425 3 3 38
426 34 13 58
427 74 98 72
428 8 85 24
429 83 73 30
430 40 82 47
431 53 40 48
432 43 39 78
433 73 9 5
434 84 49 17
435 97 4 20
436 87 91 85
437 45 65 83
438 70 73 69
439 94 9 94
440 24 49 76
441 71 54 68
442 71 50 8
443 1 23 17
444 59 59 18
445 28 8 75
446 1 96 66
447 86 93 31
448 70 63 56
449 91 57 17
450 85 33 66
451 61 4 73
452 30 28 75
453 90 81 98
454 7 92 10
455 78 21 18
456 53 74 66
457 19 60 60
458 2 82 23
459 10 73 33
460 28 58 66
461 46 20 23
462 19 2 3
463 94 44 84
464 45 3 29
465 55 81 50
466 25 34 24
467 92 5 36
468 52 59 19
469 27 70 92
470 12 98 3
471 79 96 75
472 2 16 77
473 5 62 73
474 41 59 76
475 70 14 58
476 72 92 44
477 48 84 50
478 85 88 61
479 4 67 31
480 48 80 81
481 51 59 30
482 78 13 46
483 7 70 60
484 80 63 20
485 57 86 86
486 15 58 78
487 59 59 14
488 61 44 54
489 75 0 74
490 58 0 54
491 92 4 65
492 22 82 30
493 20 90 52
494 80 70 15
495 0 27 53
496 39 94 12
497 17 6 23
498 84 67 67
499 90 94 67
500 64 53 19
501 70 45 23
502 87 67 6
503 17 87 96
504 21 19 18
505 37 72 46
506 90 11 40
507 54 80 98
508 77 16 18
509 96 7 12
510 15 23 65
511 35 94 62
512 10 33 81
513 16 3 68
514 64 24 40
515 83 13 12
516 81 56 23
517 73 62 3
518 72 92 20
519 90 88 79
520 2 56 2
521 20 91 48
522 82 53 82
523 16 70 85
524 36 86 61
525 76 21 75
526 88 54 31
527 63 28 93
528 19 52 85
529 91 42 26
530 70 96 82
531 24 68 25
532 73 51 78
533 7 67 0
534 92 3 39
535 5 32 60
536 80 20 15
537 11 36 43
538 57 55 47
539 94 46 89
540 72 16 37
541 54 92 6
542 31 65 9
543 62 72 28
544 62 16 83
545 1 22 15
546 14 54 88
547 29 18 24
548 24 75 79
549 71 21 25
550 12 94 93
551 49 0 37
552 55 32 3
553 64 94 27
554 44 8 96
555 28 10 70
556 43 24 24
557 31 5 94
558 55 29 21
559 86 52 43
560 63 64 37
561 8 13 37
562 46 21 21
563 1 37 15
564 28 82 24
565 76 10 86
566 98 53 62
567 75 37 67
568 69 44 96
569 91 31 48
570 34 46 64
571 23 55 77
572 12 53 50
573 86 54 88
574 53 34 22
575 29 11 32
576 15 9 37
577 77 84 26
578 44 6 71
579 92 97 54
580 92 83 0
581 56 58 7
582 86 22 60
583 36 8 14
584 76 62 49
585 98 91 12
586 82 59 73
587 72 88 58
588 98 85 16
589 21 77 13
590 27 22 48
591 28 78 6
592 87 16 80
593 0 5 89
594 14 81 3
595 15 32 46
596 79 66 5
597 53 90 94
598 63 89 31
599 79 62 8
600 44 90 82
601 92 70 13
602 50 57 29
603 30 57 34
604 71 24 68
605 74 91 52
606 21 71 18
607 78 76 9
608 72 39 50
609 3 70 64
610 64 14 6
611 98 58 76
612 11 8 86
613 93 38 95
614 79 10 71
615 47 36 63
616 51 57 86
617 70 36 14
618 31 60 53
619 33 16 23
620 49 32 89
621 56 30 47
622 32 94 55
623 70 87 45
624 66 18 7
625 89 66 96
626 4 17 53
627 42 39 41
628 56 22 54
629 9 7 22
630 84 57 54
631 25 65 36
632 72 49 82
633 79 20 21
634 77 38 40
635 36 79 58
636 32 84 27
637 38 26 67
638 31 83 41
639 85 44 1
640 7 81 10
641 13 6 75
642 2 31 24
643 84 62 96
644 58 39 86
645 98 76 66
646 56 60 50
647 83 98 28
648 2 82 11
649 96 67 8
650 97 27 89
651 7 92 95
652 34 46 78
653 58 83 41
654 7 41 80
655 93 39 8
656 59 47 21
657 61 82 71
658 90 37 53
659 53 33 21
660 61 82 0
661 50 41 44
662 98 75 91
663 76 85 74
664 17 92 15
665 50 38 6
666 10 49 5
667 31 63 87
668 3 53 24
669 56 58 9
670 29 20 43
671 81 70 84
672 26 20 11
673 17 49 97
674 43 18 41
675 58 20 79
676 16 31 81
677 21 14 44
678 8 17 49
679 85 26 7
680 46 7 27
681 90 89 50
682 74 15 22
683 86 84 71
684 35 27 90
685 76 37 10
686 8 53 93
687 41 74 8
688 85 82 77
689 86 19 3
690 93 66 11
691 73 56 52
692 75 82 67
693 97 20 3
694 21 55 30
695 63 84 67
696 25 44 20
697 19 37 94
698 79 22 28
699 56 60 48
700 12 53 66
701 75 78 22
702 27 5 56
703 46 55 77
704 49 76 84
705 31 91 20
706 98 16 16
707 70 87 53
708 16 18 27
709 44 27 87
710 44 91 93
711 10 66 23
712 84 45 29
713 41 43 84
714 70 92 12
715 54 75 3
716 27 73 71
717 43 95 11
718 49 11 29
719 76 7 56
720 64 52 99
721 9 14 65
722 32 99 62
723 61 40 5
724 97 10 49
725 9 16 24
726 64 95 49
727 36 91 96
728 47 40 7
729 28 16 67
730 85 32 71
731 84 93 85
732 2 26 84
733 16 39 76
734 74 37 38
735 75 98 7
736 52 63 2
737 1 99 93
738 50 98 33
739 9 26 2
740 76 63 86
741 47 0 80
742 85 54 6
743 69 70 45
744 98 44 34
745 36 20 33
746 43 24 48
747 98 25 47
748 91 27 97
749 77 37 23
750 79 13 87
751 65 13 87
752 45 98 41
753 3 19 63
754 1 17 60
755 35 6 32
756 20 1 56
757 20 99 33
758 19 43 61
759 16 20 98
760 40 51 63
761 79 16 76
762 18 14 26
763 11 69 98
764 74 70 67
765 34 58 73
766 18 30 27
767 74 51 78
768 8 70 73
769 69 87 93
770 19 79 44
771 82 10 13
772 11 28 79
773 89 91 48
774 87 65 19
775 55 52 29
776 80 22 59
777 7 97 10
778 38 57 33
779 11 26 20
780 5 97 51
781 1 31 61
782 66 42 41
783 97 84 32
784 46 71 49
785 17 26 53
786 98 7 76
787 57 66 25
788 20 4 82
789 53 16 60
790 25 73 57
791 28 26 88
792 89 93 83
793 82 42 67
794 66 40 38
795 67 57 17
796 21 7 24
797 49 65 90
798 74 85 47
799 56 90 63
800 16 67 36
801 25 95 62
802 13 36 7
803 48 18 50
804 15 36 90
805 6 3 0
806 23 76 7
