453
1 77 78 27
2 9 43 50
3 25 37 39
4 39 71 12
5 98 30 76
6 53 80 56
7 28 88 36
8 89 53 55
9 94 58 7
10 2 64 51
11 55 93 81
12 34 2 76
13 85 80 14
14 76 19 37
15 89 69 68
16 65 74 48
17 21 54 89
18 9 95 42
19 65 42 52
20 24 44 16
21 27 51 9
22 60 85 63
23 36 70 43
24 2 47 15
25 40 88 36
26 8 5 63
27 8 79 17
28 97 88 65
29 91 5 7
30 43 81 51
31 11 8 2
32 72 68 39
33 36 57 10
34 31 59 9
35 46 99 49
36 35 59 54
37 98 20 85
38 15 69 26
39 32 61 31
40 39 56 65
41 90 68 73
42 44 92 94
43 84 80 51
44 46 12 10
45 7 10 62
46 56 45 73
47 62 43 93
48 48 11 63
49 26 43 76
50 9 35 32
51 74 25 52
52 48 22 45
53 42 58 25
54 45 4 37
55 7 63 48
56 21 71 45
57 95 33 41
58 88 33 52
59 3 59 47
60 79 69 82
61 64 43 60
62 16 43 82
63 61 37 92
64 87 82 48
65 76 42 11
66 76 63 82
67 22 58 15
68 63 99 1
69 67 54 12
70 14 86 33
71 97 50 77
72 9 66 72
73 91 80 10
74 83 67 44
75 31 95 86
76 94 72 2
77 76 46 12
78 43 61 11
79 96 28 18
80 9 94 4
81 42 43 6
82 71 52 24
83 44 95 4
84 54 30 23
85 50 13 19
86 89 7 43
87 91 83 89
88 3 79 2
89 67 75 82
90 37 84 76
91 41 79 20
92 99 50 24
93 23 94 20
94 28 0 50
95 3 51 16
96 22 40 23
97 65 83 59
98 6 86 90
99 8 5 65
100 90 42 2
101 19 35 81
102 91 34 31
103 15 58 26
104 87 38 78
105 90 41 29
106 6 16 21
107 29 33 4
108 40 92 43
109 30 52 48
110 48 95 91
111 50 14 26
112 31 5 13
113 14 72 23
114 92 60 61
115 71 50 54
116 52 8 22
117 74 37 56
118 30 30 48
119 73 60 0
120 22 8 95
121 65 10 61
122 43 41 66
123 56 8 91
124 79 0 51
125 92 71 53
126 47 24 61
127 21 50 50
128 77 80 80
129 77 54 93
130 78 28 53
131 25 93 64
132 87 36 57
133 5 93 65
134 48 24 66
135 99 17 89
136 4 16 65
137 17 37 15
138 68 67 96
139 0 44 2
140 93 74 30
141 47 52 75
142 63 91 63
143 20 96 56
144 86 45 33
145 4 96 50
146 93 53 66
147 59 70 55
148 74 90 22
149 22 91 19
150 24 36 93
151 6 35 45
152 81 98 36
153 45 19 85
154 53 57 82
155 86 61 30
156 88 54 83
157 6 65 6
158 62 40 96
159 36 14 39
160 55 39 28
161 49 45 15
162 46 79 14
163 83 24 85
164 20 29 42
165 2 68 55
166 32 56 61
167 68 63 27
168 26 77 19
169 74 13 33
170 14 21 24
171 94 22 22
172 9 68 1
173 23 3 77
174 60 23 6
175 54 25 74
176 9 10 31
177 71 30 46
178 50 56 75
179 69 30 40
180 2 96 61
181 79 90 83
182 1 0 52
183 2 75 55
184 79 88 31
185 85 42 8
186 12 4 18
187 95 75 0
188 93 77 56
189 68 46 39
190 8 0 35
191 70 79 78
192 5 80 30
193 57 82 57
194 65 13 45
195 96 51 40
196 56 63 44
197 27 10 71
198 27 3 48
199 36 71 94
200 75 79 46
201 10 1 26
202 88 7 6
203 18 16 41
204 28 81 54
205 73 29 5
206 13 86 20
207 9 13 30
208 80 92 33
209 80 28 4
210 74 3 36
211 73 66 89
212 99 6 96
213 5 77 65
214 98 5 98
215 53 78 80
216 10 44 66
217 31 53 31
218 61 34 23
219 95 14 4
220 51 41 7
221 39 14 73
222 29 65 80
223 77 70 57
224 42 21 62
225 41 74 92
226 21 36 36
227 39 67 90
228 22 29 76
229 97 76 90
230 1 27 83
231 9 19 49
232 34 48 14
233 14 25 37
234 23 20 58
235 37 61 84
236 30 34 20
237 18 25 88
238 8 47 69
239 84 44 45
240 27 46 24
241 62 7 43
242 12 41 43
243 26 8 69
244 63 83 89
245 73 21 2
246 57 3 88
247 78 21 13
248 18 82 60
249 87 18 56
250 84 45 2
251 60 60 61
252 56 72 3
253 99 50 63
254 20 66 46
255 61 39 19
256 63 97 22
257 51 27 96
258 64 97 78
259 76 36 96
260 33 20 94
261 87 32 54
262 49 40 78
263 52 40 28
264 15 12 94
265 13 74 86
266 33 89 35
267 55 41 62
268 3 57 59
269 81 34 95
270 30 19 67
271 76 6 51
272 82 55 92
273 12 59 84
274 92 26 96
275 39 40 22
276 25 73 12
277 60 80 53
278 74 84 62
279 33 17 48
280 80 99 67
281 99 75 26
282 50 9 81
283 42 21 93
284 78 14 19
285 75 53 11
286 97 78 84
287 9 90 65
288 14 64 1
289 29 97 18
290 77 29 18
291 45 28 45
292 71 78 55
293 4 73 76
294 49 3 90
295 69 78 95
296 80 28 73
297 17 89 63
298 34 56 27
299 35 85 76
300 5 62 5
301 23 59 85
302 21 82 16
303 76 39 41
304 4 88 44
305 47 9 75
306 42 42 55
307 68 59 44
308 31 93 52
309 11 80 89
310 39 85 4
311 97 61 63
312 82 34 98
313 50 10 89
314 91 14 77
315 36 61 39
316 63 4 81
317 18 72 40
318 14 55 85
319 67 18 17
320 56 58 54
321 12 7 67
322 28 41 1
323 26 92 11
324 15 83 78
325 44 71 39
326 83 34 95
327 64 4 19
328 56 19 27
329 93 38 45
330 62 94 55
331 17 7 14
332 84 35 56
333 86 13 48
334 49 80 83
335 27 24 55
336 19 60 41
337 66 76 46
338 38 85 17
339 65 30 55
340 62 93 1
341 70 10 60
342 84 46 47
343 40 84 60
344 40 34 92
345 24 13 69
346 31 32 29
347 72 51 57
348 70 89 42
349 87 6 73
350 94 20 18
351 96 42 28
352 56 27 26
353 4 19 11
354 16 60 45
355 9 84 10
356 78 15 43
357 59 39 46
358 16 62 35
359 59 49 93
360 84 96 13
361 2 92 56
362 82 48 35
363 8 4 6
364 71 21 66
365 68 30 2
366 79 60 17
367 74 19 9
368 20 35 71
369 7 46 72
370 0 30 68
371 65 84 60
372 73 18 61
373 60 27 65
374 67 50 86
375 33 19 68
376 88 98 28
377 5 72 47
378 66 44 35
379 37 51 81
380 10 3 64
381 30 20 48
382 43 94 67
383 4 6 46
384 21 73 96
385 60 59 67
386 28 47 65
387 9 4 89
388 56 71 33
389 91 60 84
390 25 70 39
391 89 53 60
392 37 96 6
393 56 52 12
394 54 73 86
395 51 33 97
396 70 62 44
397 36 71 0
398 77 79 71
399 11 23 32
400 47 48 54
401 39 37 59
402 99 26 55
403 5 35 7
404 69 89 81
405 7 92 66
406 4 63 28
407 0 51 51
408 1 80 83
409 24 43 6
410 56 91 6
411 63 30 95
412 22 81 73
413 30 38 8
414 37 7 50
415 70 15 94
416 37 71 9
417 17 72 12
418 21 73 93
419 4 49 36
420 62 6 79
421 68 21 61
422 15 95 42
423 88 25 32
424 49 63 40
425 51 85 7
426 45 22 78
427 7 40 50
428 19 61 75
429 12 17 25
430 1 79 83
431 80 99 56
432 94 14 51
433 88 2 77
434 21 3 92
435 61 54 77
436 68 52 0
437 98 59 92
438 49 30 5
439 76 95 22
440 53 96 1
441 88 28 0
442 44 22 14
443 48 11 68
444 25 84 24
445 17 45 78
446 94 65 82
447 46 63 41
448 90 64 72
449 95 93 67
450 17 98 15
451 70 87 43
452 22 83 18
453 88 31 81
