836
234 24
247 77
814 43
5 74
384 71
712 26
188 80
640 54
57 60
31 87
823 43
592 18
173 85
785 35
119 98
44 17
824 97
402 21
427 83
144 44
237 54
750 11
773 43
196 55
145 23
554 98
603 50
474 5
778 94
42 76
422 52
671 12
635 19
85 88
353 60
747 21
794 68
178 80
637 29
723 81
22 42
75 51
174 59
274 26
393 29
721 43
113 61
99 28
215 20
684 82
122 80
33 25
678 67
521 58
6 5
134 13
272 82
363 4
179 53
270 25
663 65
810 95
133 55
110 72
802 71
339 87
811 88
713 64
4 49
7 82
517 93
583 33
59 25
107 13
457 0
233 93
242 72
482 57
277 43
146 33
259 13
40 97
565 97
598 87
25 80
836 31
166 29
492 45
115 68
722 65
686 96
566 100
35 44
725 25
513 51
812 32
228 77
428 31
478 87
496 51
216 18
755 71
501 79
29 68
433 73
62 46
579 89
86 67
261 35
347 85
553 15
680 83
336 78
160 98
172 65
740 98
573 62
191 30
780 84
567 52
681 28
658 23
389 77
460 15
426 14
10 63
292 50
634 88
672 26
30 58
36 99
104 73
301 90
556 67
226 99
332 61
334 49
753 77
318 40
246 36
348 24
597 83
367 11
689 34
63 20
207 94
360 13
126 78
577 68
329 7
390 95
295 59
525 52
32 35
300 94
461 11
791 3
159 58
326 97
523 17
440 49
742 34
175 42
48 97
424 21
429 42
748 38
123 92
646 36
701 13
690 65
466 12
805 50
676 48
60 94
105 96
227 41
724 37
299 6
28 59
20 70
124 75
601 33
625 63
656 60
779 30
238 66
27 24
455 11
758 28
488 36
726 81
581 85
538 25
252 84
477 16
732 83
749 27
267 91
330 51
737 66
594 6
391 91
602 14
197 1
781 73
258 99
821 46
150 37
593 73
799 88
96 6
255 46
614 86
804 24
607 52
89 85
264 88
407 88
198 42
262 77
711 24
519 0
782 90
641 41
205 91
192 17
727 30
21 63
679 66
316 19
116 9
783 76
595 10
118 65
667 51
67 100
320 48
112 45
677 3
509 66
231 12
58 90
568 78
37 24
323 5
279 61
181 12
528 77
578 98
700 7
161 14
660 90
229 73
453 66
111 18
370 2
248 46
716 38
213 10
645 33
817 5
397 96
24 62
358 73
156 80
431 40
699 53
505 22
449 62
702 68
506 85
612 76
372 95
151 86
120 76
543 86
596 78
807 32
738 19
642 98
813 17
84 24
751 99
760 95
132 100
632 5
283 32
815 46
609 60
114 64
631 50
539 50
471 97
430 66
809 18
691 46
177 66
617 4
784 83
162 23
589 95
425 32
76 75
692 18
786 76
834 37
46 98
387 87
180 34
599 41
208 82
97 54
647 22
185 11
682 90
383 87
14 29
182 76
629 28
743 4
256 8
26 97
703 27
527 31
388 67
454 80
164 91
404 96
687 57
280 84
359 73
379 30
345 20
719 38
296 33
423 19
240 16
273 13
570 30
117 71
800 49
141 11
829 49
361 52
555 45
628 52
183 38
163 18
728 88
371 74
377 30
157 27
664 40
693 56
103 17
787 32
250 42
165 71
50 82
633 62
38 92
392 43
600 29
167 54
15 83
87 2
746 86
142 59
95 2
683 61
512 6
235 17
131 69
714 4
83 43
209 9
643 80
604 97
571 12
302 91
706 44
685 74
605 89
65 21
532 79
319 42
795 7
688 99
121 79
529 94
777 68
284 55
210 21
405 89
507 1
239 61
520 38
704 6
623 99
694 15
101 42
788 27
729 48
695 92
61 94
168 48
544 20
8 7
201 54
406 73
827 8
508 32
438 100
510 5
13 99
803 6
540 44
720 55
251 91
399 17
386 64
569 11
176 68
557 91
696 81
503 75
186 29
611 1
542 77
819 59
644 59
380 81
125 31
741 27
263 15
394 72
576 9
169 96
400 34
545 30
265 82
354 70
382 43
204 6
408 76
64 61
395 97
524 3
127 9
606 50
442 40
752 2
818 37
355 24
214 49
56 85
275 91
342 42
536 23
452 19
154 79
580 33
381 53
772 3
128 99
608 86
396 6
170 87
11 85
184 13
582 98
409 31
356 51
90 88
718 53
421 73
479 52
293 6
398 40
241 100
472 61
776 9
789 73
376 77
327 72
730 24
217 55
337 90
761 60
49 46
401 49
403 43
610 57
613 37
333 58
378 1
271 89
254 87
129 72
731 51
66 19
790 11
338 62
266 12
130 77
325 33
206 43
249 58
816 25
674 98
269 65
537 1
243 76
467 46
294 84
531 90
102 4
51 9
458 1
410 54
341 45
798 36
34 97
515 55
189 22
39 70
278 16
707 5
236 58
615 38
659 81
305 77
473 95
73 18
385 73
411 41
639 25
432 72
522 37
412 75
434 44
43 11
435 15
100 51
219 0
616 47
697 83
514 99
698 41
135 73
792 21
668 63
822 23
416 0
343 27
91 52
413 18
357 65
303 12
335 73
23 4
276 92
445 41
756 29
253 39
541 61
820 48
480 39
52 91
187 98
297 46
41 56
669 44
344 64
558 1
78 0
494 54
717 24
562 15
414 76
106 22
708 81
439 93
313 7
136 24
618 67
744 86
504 0
190 75
137 52
415 33
200 14
281 77
705 82
138 25
516 12
346 26
590 49
735 78
147 68
825 93
709 3
257 23
193 40
77 68
619 6
224 76
244 54
620 59
754 77
638 26
710 63
826 13
349 37
222 0
155 91
108 4
362 3
621 98
511 58
268 67
331 31
796 51
417 27
418 88
733 59
757 25
304 31
734 66
45 62
306 38
47 91
441 80
194 36
352 69
630 41
419 24
828 44
420 23
340 17
436 41
437 90
500 30
195 38
230 55
223 27
636 85
364 69
79 44
736 40
654 31
759 48
350 86
282 62
533 28
139 86
232 21
715 69
140 28
1 12
774 38
307 9
745 22
245 53
648 48
143 79
351 73
365 66
199 84
328 67
649 39
534 13
739 93
481 43
670 20
622 71
443 60
624 14
171 23
9 14
444 59
673 49
446 51
298 90
546 75
475 79
797 74
98 6
526 6
93 54
769 71
447 17
211 36
374 80
148 31
308 62
212 19
109 88
53 92
94 37
158 100
650 46
762 5
218 73
202 69
462 71
448 83
763 2
450 52
451 9
366 8
203 4
309 48
626 29
657 36
651 37
764 80
652 41
591 69
675 63
16 72
321 8
12 88
793 4
220 59
661 54
260 51
530 26
559 83
54 70
456 88
68 20
535 56
285 19
459 75
483 94
149 82
584 67
765 80
801 40
322 85
310 38
55 50
286 100
550 86
463 51
464 41
152 74
69 32
70 20
221 6
585 85
502 49
665 89
287 89
766 99
653 54
17 40
465 33
153 3
830 40
288 58
225 25
468 10
518 56
71 96
806 11
767 16
368 98
289 54
311 100
80 91
831 21
775 57
81 35
290 38
627 13
291 21
655 94
312 94
572 96
768 12
314 35
469 32
315 100
72 50
470 3
476 52
771 36
317 10
324 68
369 78
770 11
662 18
547 63
373 20
666 67
375 30
808 94
832 66
484 13
548 24
833 88
485 74
486 16
74 26
835 100
487 98
489 34
551 14
2 93
549 88
3 100
18 26
552 46
574 52
82 39
88 43
92 51
19 82
575 67
490 84
560 43
491 76
561 28
563 7
493 58
495 80
497 79
498 16
564 30
499 51
586 76
587 95
588 9
